0.0
0.0
0.0
0.0
0.0
0.0
0.0
0.0
0.0
0.0
234.6
0.0
21.2
0.0
20.2
90.2
73.6
26.0
0.0
24.8
0.0
129.8
0.0
0.0
0.0
0.0
0.0
0.0
0.0
0.0
0.0
0.0
0.0
381.4
261.8
0.0
0.0
206.2
0.0
0.0
0.0
61.4
99.2
0.0
57.2
68.0
92.4
0.0
0.0
0.0
0.0
0.0
0.0
0.0
0.0
21.6
0.0
0.0
1446.2
0.0
0.0
0.0
0.0
0.0
0.0
0.0
0.0
0.0
0.0
0.0
0.0
0.0
0.0
0.0
0.0
0.0
0.0
0.0
0.0
0.0
0.0
0.0
0.0
0.0
0.0
0.0
0.0
0.0
0.0
0.0
0.0
0.0
0.0
0.0
0.0
0.0
0.0
0.0
0.0
0.0
0.0
0.0
0.0
0.0
0.0
0.0
0.0
0.0
0.0
0.0
3391.0
1018.2
0.0
352.6
128.4
41.4
91.6
115.2
344.8
0.0
0.0
0.0
0.0
0.0
243.8
0.0
0.0
0.0
0.0
142.4
0.0
35.6
1195.4
0.0
95.4
68.0
335.8
144.4
0.0
52.2
33.6
116.0
282.6
0.0
0.0
0.0
0.0
0.0
0.0
0.0
0.0
0.0
126.6
29.6
1293.0
0.0
31.6
0.0
0.0
24.6
0.0
111.8
0.0
114.4
26.6
0.0
113.0
0.0
0.0
0.0
0.0
0.0
0.0
0.0
0.0
0.0
78.2
289.0
0.0
0.0
1341.8
3195.0
20.8
0.0
0.0
837.4
88.6
118.0
70.2
86.0
236.2
0.0
0.0
0.0
0.0
0.0
0.0
0.0
0.0
0.0
69.6
0.0
2200.2
604.0
227.2
123.0
0.0
22.0
0.0
523.8
29.2
56.8
0.0
0.0
0.0
0.0
0.0
0.0
0.0
0.0
0.0
0.0
0.0
0.0
120.8
141.8
26.2
0.0
250.2
70.2
1559.6
117.0
0.0
0.0
714.4
128.2
78.4
67.4
134.6
0.0
0.0
0.0
0.0
0.0
0.0
0.0
0.0
0.0
0.0
0.0
0.0
0.0
0.0
0.0
0.0
0.0
0.0
0.0
0.0
0.0
0.0
140.8
20.2
0.0
0.0
0.0
0.0
0.0
0.0
0.0
0.0
77.6
25.4
0.0
0.0
0.0
0.0
956.0
0.0
0.0
0.0
95.4
124.2
0.0
0.0
0.0
0.0
0.0
0.0
0.0
0.0
0.0
0.0
0.0
0.0
0.0
0.0
0.0
0.0
0.0
21.4
0.0
0.0
0.0
0.0
0.0
191.4
0.0
0.0
0.0
0.0
0.0
0.0
0.0
0.0
0.0
0.0
0.0
0.0
0.0
42.4
1416.8
0.0
0.0
786.8
0.0
36.6
0.0
150.4
27.2
26.4
0.0
75.6
160.4
71.2
0.0
103.8
0.0
0.0
148.2
0.0
0.0
0.0
0.0
0.0
0.0
0.0
0.0
21.0
0.0
0.0
113.4
0.0
77.0
238.8
71.2
114.6
29.0
114.6
0.0
0.0
0.0
0.0
0.0
0.0
0.0
0.0
20.4
0.0
173.2
179.4
0.0
0.0
0.0
107.6
112.6
113.0
260.0
130.8
145.0
52.8
0.0
0.0
0.0
0.0
0.0
0.0
182.6
0.0
0.0
0.0
0.0
149.0
139.2
0.0
1708.0
0.0
0.0
0.0
108.2
40.6
534.8
195.4
0.0
123.2
121.0
116.8
0.0
0.0
0.0
233.8
0.0
0.0
0.0
0.0
0.0
0.0
371.0
0.0
0.0
0.0
0.0
0.0
0.0
0.0
0.0
49.6
78.8
271.8
130.6
200.6
193.4
0.0
0.0
232.8
0.0
0.0
65.6
0.0
75.0
110.2
2240.4
186.6
0.0
0.0
0.0
0.0
0.0
0.0
0.0
0.0
25.0
58.8
45.2
112.6
0.0
0.0
0.0
0.0
0.0
0.0
0.0
0.0
21.2
645.6
0.0
0.0
0.0
0.0
0.0
0.0
0.0
0.0
0.0
0.0
0.0
0.0
0.0
0.0
0.0
0.0
0.0
0.0
0.0
0.0
0.0
0.0
0.0
0.0
0.0
0.0
0.0
0.0
0.0
0.0
0.0
0.0
0.0
0.0
0.0
0.0
0.0
0.0
0.0
0.0
0.0
0.0
0.0
0.0
0.0
0.0
0.0
0.0
0.0
0.0
0.0
0.0
0.0
0.0
0.0
0.0
0.0
0.0
0.0
0.0
0.0
0.0
0.0
0.0
0.0
0.0
0.0
0.0
0.0
0.0
0.0
0.0
0.0
0.0
0.0
0.0
0.0
0.0
105.2
0.0
250.8
59.6
73.4
0.0
112.6
278.8
0.0
0.0
0.0
27.6
0.0
0.0
0.0
0.0
0.0
23.2
106.4
400.6
21.6
0.0
202.0
109.2
72.2
0.0
0.0
0.0
141.6
240.4
0.0
0.0
0.0
0.0
0.0
0.0
0.0
0.0
112.6
0.0
0.0
104.4
968.4
127.6
22.4
106.0
0.0
0.0
104.4
0.0
369.6
0.0
0.0
0.0
118.4
69.6
0.0
0.0
0.0
0.0
0.0
0.0
0.0
0.0
30.2
1213.6
222.2
0.0
0.0
372.4
0.0
0.0
0.0
103.2
128.6
21.2
27.8
112.6
0.0
47.0
0.0
0.0
0.0
0.0
0.0
0.0
273.2
0.0
47.4
143.6
0.0
0.0
0.0
0.0
0.0
0.0
0.0
250.4
0.0
0.0
46.8
151.4
91.6
93.2
0.0
0.0
0.0
0.0
0.0
0.0
0.0
0.0
0.0
0.0
616.6
2156.0
212.8
0.0
0.0
0.0
0.0
0.0
119.2
90.8
61.6
0.0
118.8
117.4
0.0
0.0
0.0
0.0
0.0
0.0
0.0
210.2
116.6
57.0
30.8
0.0
0.0
0.0
0.0
0.0
0.0
0.0
0.0
47.4
0.0
285.2
0.0
205.6
0.0
0.0
0.0
0.0
0.0
0.0
0.0
0.0
0.0
75.6
5164.0
0.0
0.0
0.0
0.0
0.0
0.0
0.0
0.0
0.0
0.0
0.0
0.0
0.0
0.0
0.0
0.0
0.0
0.0
0.0
0.0
0.0
0.0
0.0
0.0
0.0
0.0
0.0
0.0
25.4
0.0
129.0
375.4
0.0
0.0
0.0
0.0
0.0
0.0
0.0
0.0
0.0
0.0
0.0
0.0
0.0
0.0
0.0
0.0
217.4
0.0
0.0
0.0
0.0
0.0
0.0
0.0
0.0
0.0
0.0
0.0
0.0
0.0
0.0
0.0
0.0
0.0
0.0
0.0
0.0
0.0
0.0
0.0
0.0
0.0
141.2
0.0
270.2
0.0
106.4
0.0
138.8
0.0
124.0
147.4
92.6
0.0
0.0
0.0
0.0
0.0
0.0
0.0
0.0
289.6
61.8
0.0
0.0
0.0
0.0
0.0
0.0
0.0
0.0
287.8
43.0
0.0
21.4
146.0
49.6
0.0
0.0
0.0
58.0
0.0
0.0
0.0
0.0
0.0
0.0
0.0
0.0
0.0
0.0
0.0
0.0
0.0
0.0
0.0
0.0
0.0
56.2
0.0
124.8
0.0
0.0
0.0
0.0
213.2
0.0
27.0
0.0
0.0
116.6
125.4
0.0
0.0
134.8
3279.6
0.0
20.2
0.0
20.6
76.4
88.8
0.0
115.4
223.2
0.0
0.0
0.0
0.0
246.4
0.0
0.0
0.0
116.4
318.8
0.0
1017.8
0.0
0.0
131.0
0.0
153.6
0.0
383.0
155.6
21.4
122.4
141.4
0.0
0.0
100.8
0.0
0.0
0.0
0.0
159.0
0.0
0.0
0.0
853.6
0.0
0.0
0.0
0.0
1253.4
0.0
69.6
117.4
0.0
0.0
0.0
202.0
0.0
0.0
0.0
0.0
0.0
0.0
0.0
0.0
0.0
0.0
0.0
311.6
0.0
0.0
323.0
3415.2
101.8
223.2
0.0
0.0
0.0
211.8
123.2
109.6
142.8
135.8
0.0
0.0
0.0
0.0
0.0
0.0
0.0
63.6
138.4
0.0
317.8
53.2
1580.4
0.0
0.0
0.0
0.0
0.0
3217.6
0.0
117.2
92.2
0.0
0.0
0.0
0.0
0.0
0.0
0.0
0.0
0.0
0.0
34.2
0.0
193.4
0.0
385.0
0.0
0.0
0.0
0.0
0.0
78.8
106.2
0.0
46.0
121.8
0.0
0.0
0.0
0.0
0.0
0.0
0.0
0.0
27.0
151.0
0.0
0.0
494.0
0.0
536.6
0.0
0.0
0.0
71.4
268.2
0.0
0.0
0.0
121.2
0.0
0.0
0.0
0.0
0.0
0.0
0.0
0.0
226.6
134.0
0.0
0.0
0.0
0.0
0.0
81.2
65.2
0.0
0.0
94.6
0.0
0.0
0.0
0.0
0.0
0.0
0.0
0.0
0.0
0.0
0.0
0.0
0.0
0.0
1065.8
277.2
0.0
1113.0
0.0
0.0
0.0
0.0
0.0
3214.2
62.8
104.6
80.4
0.0
0.0
104.2
0.0
0.0
0.0
0.0
0.0
0.0
71.6
119.4
0.0
0.0
0.0
167.0
109.6
0.0
21.8
442.6
125.2
512.8
0.0
50.4
0.0
123.8
0.0
0.0
0.0
166.4
0.0
0.0
0.0
84.6
0.0
0.0
0.0
0.0
134.2
0.0
274.0
0.0
0.0
0.0
1562.2
0.0
125.0
137.6
72.8
59.8
0.0
0.0
0.0
0.0
0.0
0.0
0.0
0.0
0.0
149.8
0.0
0.0
0.0
526.8
0.0
20.8
48.6
0.0
376.8
326.6
62.6
121.6
71.6
0.0
0.0
0.0
0.0
0.0
0.0
0.0
0.0
0.0
0.0
0.0
0.0
128.4
0.0
0.0
0.0
621.2
82.4
71.2
1083.8
440.8
798.4
0.0
114.2
0.0
0.0
0.0
0.0
0.0
0.0
0.0
0.0
0.0
114.4
149.4
0.0
180.8
0.0
0.0
0.0
0.0
0.0
98.6
524.2
119.0
0.0
25.6
115.2
0.0
0.0
0.0
0.0
0.0
0.0
0.0
0.0
0.0
0.0
0.0
0.0
0.0
0.0
110.6
0.0
662.2
0.0
0.0
0.0
137.0
258.2
127.0
0.0
115.0
0.0
0.0
0.0
0.0
0.0
0.0
0.0
0.0
0.0
0.0
0.0
34.8
307.4
115.4
75.6
136.0
136.4
848.4
560.8
113.4
363.6
24.8
0.0
124.2
0.0
0.0
0.0
0.0
0.0
0.0
0.0
0.0
0.0
43.2
0.0
2780.6
20.2
0.0
110.6
119.6
140.8
0.0
129.0
51.6
22.4
22.2
97.6
120.4
0.0
0.0
0.0
0.0
0.0
0.0
0.0
0.0
0.0
214.2
0.0
125.4
0.0
0.0
0.0
0.0
0.0
0.0
0.0
0.0
0.0
0.0
0.0
0.0
0.0
0.0
0.0
0.0
0.0
0.0
0.0
0.0
0.0
0.0
518.8
98.6
0.0
0.0
0.0
651.8
0.0
0.0
891.6
820.6
0.0
67.0
131.8
45.4
0.0
0.0
179.2
0.0
0.0
0.0
0.0
0.0
74.6
0.0
0.0
0.0
0.0
357.2
0.0
0.0
0.0
0.0
0.0
0.0
0.0
69.8
48.4
96.8
0.0
0.0
67.6
148.6
0.0
0.0
0.0
0.0
0.0
0.0
20.6
0.0
0.0
644.2
201.6
307.0
0.0
0.0
25.6
98.2
0.0
0.0
98.8
122.0
0.0
0.0
0.0
0.0
0.0
0.0
0.0
0.0
159.0
0.0
0.0
0.0
20.2
0.0
0.0
0.0
0.0
0.0
0.0
0.0
63.0
101.8
0.0
127.4
0.0
0.0
0.0
0.0
87.6
0.0
0.0
0.0
0.0
93.8
0.0
23.6
0.0
309.6
0.0
0.0
0.0
0.0
0.0
0.0
333.6
30.4
0.0
121.2
111.6
0.0
0.0
0.0
50.4
0.0
0.0
0.0
0.0
0.0
0.0
234.4
650.4
23.8
0.0
0.0
0.0
0.0
0.0
0.0
50.4
32.4
0.0
135.6
0.0
62.0
42.0
0.0
0.0
0.0
0.0
0.0
0.0
0.0
82.4
0.0
0.0
200.0
21.0
0.0
87.0
0.0
369.8
0.0
250.2
126.2
0.0
123.8
0.0
0.0
0.0
0.0
0.0
0.0
0.0
0.0
0.0
57.6
2186.8
3483.6
621.8
0.0
0.0
0.0
0.0
0.0
0.0
0.0
0.0
51.4
118.8
0.0
0.0
0.0
0.0
0.0
192.8
0.0
284.8
0.0
151.0
0.0
0.0
62.8
0.0
523.2
32.2
0.0
0.0
0.0
0.0
25.2
0.0
0.0
0.0
0.0
0.0
0.0
0.0
0.0
0.0
0.0
0.0
0.0
259.2
0.0
2220.0
3101.8
727.8
138.4
60.4
210.0
43.2
20.2
94.6
173.8
0.0
0.0
20.8
0.0
0.0
0.0
0.0
0.0
0.0
0.0
0.0
0.0
0.0
0.0
0.0
219.6
151.8
170.0
0.0
0.0
0.0
0.0
46.2
221.4
141.0
0.0
127.8
83.8
0.0
0.0
0.0
0.0
0.0
0.0
29.0
0.0
49.4
0.0
0.0
132.6
0.0
458.4
0.0
0.0
0.0
0.0
98.4
237.6
0.0
25.0
104.0
144.8
131.0
0.0
105.0
0.0
0.0
0.0
0.0
0.0
0.0
279.2
2145.0
271.6
485.0
1386.2
0.0
0.0
0.0
0.0
0.0
0.0
0.0
0.0
0.0
0.0
0.0
0.0
0.0
0.0
0.0
0.0
0.0
0.0
0.0
0.0
0.0
0.0
0.0
0.0
0.0
0.0
0.0
0.0
0.0
0.0
0.0
0.0
0.0
0.0
0.0
0.0
0.0
0.0
0.0
0.0
0.0
0.0
0.0
0.0
0.0
0.0
0.0
0.0
0.0
0.0
0.0
0.0
0.0
0.0
0.0
0.0
125.8
0.0
0.0
0.0
0.0
118.8
0.0
0.0
0.0
0.0
89.6
0.0
467.8
0.0
2779.2
0.0
0.0
1388.2
0.0
427.4
0.0
114.8
0.0
70.6
81.0
26.2
0.0
0.0
0.0
0.0
0.0
0.0
0.0
0.0
0.0
31.8
30.8
1229.0
637.4
161.2
712.8
741.6
1183.2
771.0
23.4
22.8
0.0
0.0
127.4
159.8
0.0
0.0
0.0
0.0
46.2
0.0
0.0
0.0
0.0
0.0
2044.6
746.6
768.0
0.0
0.0
0.0
0.0
0.0
75.8
0.0
0.0
44.2
51.6
104.0
0.0
0.0
0.0
0.0
0.0
0.0
0.0
0.0
0.0
0.0
187.4
0.0
498.0
1237.6
680.4
658.2
996.4
0.0
124.8
92.8
70.0
89.0
0.0
0.0
0.0
0.0
0.0
0.0
0.0
0.0
0.0
0.0
141.2
0.0
215.2
0.0
0.0
0.0
515.2
490.4
506.0
524.4
501.0
0.0
0.0
327.0
135.8
64.8
0.0
0.0
0.0
0.0
0.0
0.0
0.0
0.0
0.0
171.0
0.0
0.0
1183.8
1193.6
1106.2
1126.6
890.2
1248.6
1097.8
0.0
0.0
122.0
0.0
121.8
0.0
274.8
0.0
0.0
0.0
0.0
0.0
0.0
0.0
34.66666667
0.0
1173.0
1214.4
1182.2
1223.8
0.0
1408.6
1220.0
1214.6
2797.0
113.2
0.0
133.2
0.0
0.0
0.0
0.0
0.0
0.0
0.0
0.0
47.6
0.0
0.0
0.0
1180.6
1223.0
1184.2
1190.2
1237.0
1207.8
1208.6
1316.0
0.0
55.8
162.0
71.4
128.6
0.0
0.0
0.0
0.0
0.0
0.0
0.0
0.0
21.6
0.0
1129.8
1548.2
1208.4
1241.8
1226.4
1286.0
1247.6
1274.2
1287.8
0.0
130.0
0.0
0.0
130.6
0.0
0.0
0.0
0.0
0.0
0.0
0.0
0.0
0.0
0.0
0.0
1529.4
1402.0
1392.8
1363.6
1403.0
1406.4
1318.0
20.8
179.6
40.8
81.4
57.4
69.6
0.0
0.0
0.0
0.0
0.0
0.0
0.0
0.0
0.0
0.0
0.0
1303.8
1449.6
2682.4
1316.2
1321.8
1354.8
1367.8
116.6
0.0
146.0
47.6
77.6
25.8
0.0
0.0
0.0
0.0
0.0
0.0
0.0
47.4
0.0
0.0
1221.4
0.0
518.0
1384.8
1391.6
4626.0
1422.6
765.6
0.0
0.0
0.0
47.8
115.8
135.4
107.2
26.6
104.0
84.6
0.0
0.0
0.0
0.0
0.0
0.0
0.0
24.6
1398.0
638.4
655.6
639.6
605.4
623.4
1065.6
0.0
193.2
120.8
0.0
118.4
0.0
0.0
0.0
0.0
0.0
111.2
0.0
0.0
0.0
0.0
2138.0
255.6
753.0
1422.4
2049.8
1433.8
2990.0
1418.6
0.0
0.0
52.4
73.0
22.6
133.2
0.0
0.0
0.0
0.0
0.0
0.0
0.0
0.0
94.4
0.0
0.0
1365.8
1406.2
1399.6
1916.4
1476.0
1423.8
1505.4
0.0
0.0
0.0
0.0
42.8
50.8
0.0
0.0
0.0
0.0
0.0
0.0
0.0
0.0
0.0
0.0
32.2
1412.8
1398.0
1423.6
1452.4
1555.8
1474.8
1341.4
127.8
23.6
20.2
0.0
0.0
167.4
0.0
0.0
0.0
0.0
0.0
0.0
0.0
0.0
133.8
0.0
2865.6
1136.2
1444.0
928.0
2099.2
958.6
1500.8
1456.8
0.0
125.0
0.0
117.4
121.6
151.6
0.0
0.0
0.0
0.0
0.0
0.0
0.0
0.0
0.0
0.0
1474.8
1582.0
2168.2
774.8
1454.8
810.6
1590.2
1503.4
0.0
122.8
24.4
24.4
134.4
0.0
0.0
0.0
0.0
22.0
0.0
0.0
39.8
0.0
0.0
0.0
1580.8
953.2
1501.4
1422.8
4696.2
1365.6
2434.4
1369.4
0.0
20.8
38.8
142.0
31.8
76.8
100.4
0.0
0.0
0.0
0.0
111.8
0.0
0.0
0.0
0.0
49.0
1383.4
1349.4
1382.4
1351.6
1360.4
1376.2
1356.0
146.2
1234.0
41.8
0.0
120.6
0.0
0.0
0.0
67.6
0.0
0.0
0.0
0.0
112.4
642.8
0.0
1601.4
1607.2
2261.2
4571.0
1402.6
1339.0
547.0
545.8
0.0
43.4
0.0
178.2
88.8
0.0
0.0
0.0
0.0
48.2
0.0
0.0
0.0
0.0
0.0
0.0
23.6
1457.0
1434.8
1477.0
1344.2
1387.0
1402.8
1403.8
171.8
0.0
130.2
175.0
25.6
0.0
0.0
0.0
0.0
0.0
0.0
0.0
0.0
0.0
0.0
0.0
2087.6
1416.0
0.0
2707.4
2290.4
0.0
968.6
135.0
22.2
0.0
129.8
76.6
0.0
0.0
0.0
0.0
212.2
0.0
0.0
0.0
0.0
0.0
0.0
224.6
2187.4
930.6
1133.0
1071.2
703.2
676.4
627.4
668.6
228.0
0.0
0.0
124.0
45.8
0.0
0.0
151.8
0.0
0.0
116.4
0.0
0.0
0.0
153.0
738.4
675.8
663.2
636.0
1502.6
2026.2
1475.6
1485.0
1648.6
0.0
108.2
133.6
182.0
123.6
0.0
46.4
0.0
0.0
0.0
0.0
0.0
0.0
0.0
316.2
1777.2
796.2
613.2
2154.8
625.6
1366.8
1407.0
1421.0
355.4
40.8
120.8
122.8
143.4
141.6
0.0
0.0
0.0
0.0
0.0
0.0
0.0
0.0
0.0
0.0
2034.4
805.8
1488.6
1549.8
1662.2
1567.0
1403.0
1440.8
0.0
0.0
30.0
0.0
142.0
134.0
0.0
0.0
0.0
0.0
0.0
0.0
0.0
0.0
0.0
0.0
2000.8
2349.4
1365.0
1390.2
4672.4
1444.6
1396.8
1378.4
369.8
86.0
150.0
125.8
30.8
0.0
107.4
107.2
0.0
0.0
153.8
108.4
86.8
711.2
635.0
623.6
683.4
813.0
1340.4
2219.8
1376.2
1372.4
1375.2
1378.8
765.2
0.0
0.0
207.8
136.8
152.4
0.0
0.0
88.6
111.2
0.0
0.0
67.8
110.2
43.8
0.0
0.0
1357.2
1336.6
1365.0
1392.6
2250.6
1393.4
1438.6
1407.0
0.0
48.8
129.6666667
0.0
0.0
0.0
0.0
0.0
0.0
0.0
0.0
0.0
0.0
0.0
0.0
2742.8
1586.8
1539.0
1598.2
1400.2
1406.4
503.8
514.6
557.0
0.0
0.0
101.6
143.0
23.2
85.4
61.4
0.0
0.0
0.0
0.0
24.4
0.0
0.0
0.0
0.0
0.0
1368.0
555.2
530.0
2543.8
501.0
594.8
789.6
21.0
0.0
80.2
104.2
0.0
0.0
0.0
0.0
0.0
0.0
0.0
0.0
0.0
0.0
0.0
0.0
0.0
0.0
0.0
0.0
0.0
0.0
0.0
0.0
0.0
0.0
140.2
177.4
0.0
0.0
0.0
0.0
0.0
73.0
0.0
0.0
0.0
0.0
114.8
144.0
1840.0
1342.6
1359.0
1405.2
1425.2
1401.2
2117.8
1421.6
0.0
120.8
127.6
186.8
115.4
0.0
0.0
0.0
0.0
121.0
0.0
0.0
0.0
0.0
0.0
0.0
0.0
1481.2
2645.4
1584.5
1836.2
1381.2
1424.0
1375.8
0.0
83.4
115.4
0.0
123.8
0.0
0.0
0.0
0.0
0.0
0.0
0.0
0.0
0.0
201.0
0.0
0.0
1360.4
1361.4
1386.6
1431.8
1423.4
515.6
566.4
85.4
120.2
0.0
78.6
302.0
0.0
0.0
0.0
0.0
0.0
0.0
0.0
0.0
0.0
0.0
0.0
153.4
1486.8
2134.2
501.8
515.6
561.8
519.6
508.2
21.2
0.0
0.0
45.2
130.2
0.0
0.0
0.0
0.0
0.0
0.0
0.0
0.0
118.2
0.0
3403.2
1391.0
1350.2
1387.4
0.0
500.0
526.2
543.2
761.8
0.0
536.8
123.0
91.4
29.8
0.0
227.2
0.0
0.0
0.0
21.4
0.0
0.0
0.0
35.6
892.8
1374.6
1421.8
1409.2
0.0
1403.4
1405.0
1366.8
1639.0
0.0
90.8
25.0
135.2
80.0
81.4
0.0
0.0
20.8
0.0
0.0
0.0
0.0
0.0
0.0
3373.2
1562.4
1345.8
1429.0
0.0
1391.0
1380.2
1431.8
536.6
0.0
22.8
128.4
117.6
129.0
0.0
0.0
0.0
31.2
0.0
0.0
0.0
0.0
0.0
0.0
142.2
921.2
639.4
1375.4
0.0
545.8
522.2
537.0
587.6
0.0
0.0
103.0
132.0
0.0
0.0
0.0
0.0
0.0
0.0
0.0
0.0
0.0
0.0
3345.8
0.0
1362.6
1504.4
1380.0
0.0
513.8
1464.2
1153.2
785.0
279.6
65.6
116.0
130.4
174.0
0.0
0.0
0.0
0.0
0.0
0.0
0.0
0.0
0.0
0.0
0.0
1327.0
1369.0
1405.0
0.0
518.2
511.2
512.4
698.4
44.4
20.6
135.4
0.0
29.8
0.0
0.0
0.0
0.0
0.0
0.0
20.6
0.0
0.0
0.0
0.0
1389.2
1371.0
1362.6
2096.6
2037.0
1508.8
1414.2
1736.6
22.2
25.0
0.0
58.8
45.6
0.0
0.0
0.0
0.0
0.0
0.0
0.0
0.0
0.0
0.0
62.8
1553.6
1404.6
1370.4
0.0
526.4
555.4
574.4
538.0
68.4
22.0
0.0
136.2
142.0
0.0
0.0
0.0
0.0
20.8
0.0
0.0
0.0
0.0
0.0
107.4
1498.8
1385.8
1374.6
0.0
532.6
538.2
511.2
545.6
22.0
22.4
0.0
113.4
108.4
0.0
0.0
0.0
0.0
0.0
0.0
0.0
205.8
0.0
421.0
0.0
4494.0
1693.2
1415.2
0.0
582.0
554.0
554.0
541.6
0.0
0.0
0.0
0.0
0.0
25.0
0.0
0.0
0.0
0.0
0.0
0.0
0.0
0.0
0.0
0.0
1368.2
1360.0
1419.0
3373.2
515.2
513.2
547.4
543.2
0.0
0.0
122.2
106.8
0.0
0.0
0.0
132.8
0.0
0.0
0.0
0.0
0.0
0.0
25.4
142.2
1332.2
1513.6
1374.4
0.0
1353.0
1385.0
1427.0
1578.2
0.0
209.0
126.6
98.8
0.0
0.0
0.0
0.0
0.0
0.0
0.0
0.0
0.0
0.0
0.0
2103.2
1692.8
1501.2
2266.6
709.6
1404.2
1426.2
538.4
528.4
0.0
0.0
71.4
143.4
133.8
0.0
0.0
0.0
0.0
0.0
0.0
25.2
0.0
0.0
0.0
1278.0
1357.5
1359.6
2652.0
0.0
0.0
0.0
0.0
0.0
0.0
0.0
0.0
0.0
0.0
0.0
0.0
0.0
0.0
0.0
0.0
0.0
0.0
0.0
0.0
281.8
2726.4
2925.8
2547.6
907.6
3056.2
928.6
1342.0
905.8
2082.8
917.0
299.8
250.8
130.4
0.0
0.0
737.6
796.2
849.0
0.0
0.0
0.0
0.0
22.0
204.0
1442.2
615.8
631.4
57.4
561.4
512.4
555.4
632.2
62.0
146.2
62.8
135.0
131.8
0.0
0.0
0.0
0.0
0.0
0.0
0.0
0.0
0.0
689.4
742.4
1381.4
1337.2
1396.2
64.0
505.6
518.4
542.0
1689.4
0.0
104.4
0.0
40.6
102.8
0.0
0.0
0.0
0.0
0.0
332.2
61.2
0.0
275.8
0.0
0.0
687.8
1104.2
1994.8
756.8
1968.8
1409.2
1394.0
1923.2
20.2
124.6
0.0
127.0
128.0
0.0
0.0
0.0
0.0
0.0
0.0
0.0
0.0
0.0
720.0
106.8
1399.6
1385.0
1380.4
0.0
3337.6
1409.0
1442.8
1756.6
43.6
66.2
24.4
116.4
135.8
0.0
0.0
0.0
20.4
0.0
0.0
0.0
21.8
0.0
0.0
0.0
1388.6
501.8
527.4
65.8
509.2
509.0
1201.6
1197.0
0.0
83.0
28.6
120.6
135.4
0.0
0.0
0.0
0.0
0.0
0.0
0.0
0.0
0.0
725.2
2931.4
1361.4
1390.8
1729.8
1728.6
1232.0
518.4
556.0
809.8
89.0
87.0
0.0
81.2
81.8
0.0
0.0
0.0
0.0
0.0
0.0
181.8
0.0
0.0
1355.6
992.0
1400.2
1702.6
1934.8
741.4
1182.0
1227.0
534.4
1105.2
42.8
43.4
41.8
139.6
139.4
21.2
0.0
63.8
0.0
0.0
0.0
0.0
0.0
0.0
705.0
122.4
1373.6
1369.0
890.2
63.6
533.2
516.4
550.6
570.2
0.0
84.0
120.2
102.0
137.8
0.0
0.0
0.0
65.2
0.0
0.0
0.0
40.6
118.2
977.0
62.6
4562.8
1230.6
2295.0
750.6
1190.4
575.6
514.0
841.8
0.0
78.8
103.2
121.0
128.6
0.0
0.0
0.0
0.0
0.0
0.0
0.0
0.0
0.0
719.6
2085.8
1794.6
1359.6
537.4
3370.2
552.2
522.2
531.2
553.8
0.0
132.4
0.0
140.0
81.4
0.0
0.0
0.0
0.0
22.0
0.0
0.0
0.0
0.0
723.4
1610.6
1215.0
2688.6
648.0
0.0
526.2
528.8
529.0
1515.4
1025.4
66.2
50.6
82.0
53.6
0.0
0.0
130.2
0.0
0.0
0.0
0.0
0.0
259.2
733.4
982.4
2108.4
494.6
514.6
71.8
557.6
550.2
546.4
545.6
140.4
63.8
76.4
103.6
149.0
0.0
0.0
0.0
65.2
51.2
0.0
0.0
0.0
0.0
2666.6
708.6
2148.4
1616.8
518.8
0.0
514.8
561.6
543.5
522.8
109.6
0.0
127.6
137.4
139.2
0.0
0.0
0.0
20.4
0.0
0.0
0.0
0.0
0.0
728.4
715.6
964.8
1366.0
541.6
0.0
549.8
519.6
539.4
541.4
20.6
108.2
122.4
40.6
136.0
0.0
0.0
725.2
787.4
802.6
829.0
0.0
0.0
0.0
0.0
0.0
1405.6
490.0
1161.0
0.0
2628.8
536.0
517.2
877.5
0.0
64.2
66.6
123.8
40.4
0.0
61.6
0.0
0.0
0.0
0.0
0.0
0.0
0.0
722.4
1596.8
1171.4
1156.2
1245.4
0.0
554.4
514.6
123.0
137.8
40.6
128.0
97.4
88.6
101.6
0.0
0.0
0.0
0.0
0.0
0.0
0.0
0.0
0.0
738.0
1554.2
1082.4
1323.8
1399.6
3319.4
551.8
538.2
526.0
2139.0
0.0
110.8
114.4
72.0
134.4
0.0
0.0
52.6
0.0
20.2
0.0
81.8
40.8
32.6
699.0
748.6
908.2
1376.8
1364.4
21.8
577.4
526.6
551.4
519.0
108.6
21.0
77.8
100.4
142.6
0.0
0.0
0.0
0.0
20.2
0.0
20.4
0.0
0.0
736.2
730.8
788.6
278.2
2220.4
46.8
551.2
513.2
539.6
525.0
92.8
87.0
0.0
135.2
47.8
0.0
20.2
0.0
0.0
0.0
0.0
0.0
20.4
313.2
2770.4
972.2
2048.0
1363.6
1365.6
91.0
2123.6
1413.4
576.0
799.0
24.6
102.2
0.0
153.8
141.4
40.4
20.4
20.2
20.2
0.0
0.0
0.0
0.0
0.0
703.0
2650.4
2035.6
1377.4
1347.2
2781.4
1146.0
536.0
535.6
530.2
88.0
43.8
124.4
0.0
137.4
0.0
34.4
0.0
0.0
127.0
0.0
0.0
0.0
0.0
722.2
705.8
2012.6
2370.4
4061.4
949.4
529.4
527.2
524.0
1025.6
142.2
84.4
61.0
126.8
82.4
20.2
0.0
0.0
0.0
0.0
20.2
0.0
0.0
0.0
755.0
747.4
2055.2
1480.0
1945.4
895.8
515.4
545.0
511.6
544.4
0.0
20.2
0.0
0.0
0.0
0.0
0.0
0.0
0.0
0.0
20.2
0.0
0.0
0.0
726.0
804.8
1360.2
1394.4
1399.8
106.4
539.4
556.4
544.8
551.8
20.4
105.2
66.2
108.8
118.8
28.0
0.0
20.2
145.2
81.8
0.0
82.4
0.0
0.0
719.0
826.2
161.0
0.0
110.8
4704.5
1368.8
1412.6
557.6
1086.8
535.4
209.6
120.4
0.0
128.6
0.0
0.0
0.0
20.8
0.0
0.0
0.0
72.0
717.2
725.6
0.0
83.2
0.0
608.0
1378.0
1347.8
1377.0
1379.2
1365.4
549.0
0.0
136.2
91.0
107.4
20.2
0.0
0.0
0.0
0.0
0.0
0.0
0.0
679.0
716.4
758.2
762.8
0.0
21.6
1372.0
1337.8
1376.2
1389.8
1410.2
516.6
61.0
109.6
0.0
41.6
0.0
0.0
0.0
0.0
157.0
0.0
0.0
0.0
739.4
688.6
712.4
750.0
0.0
0.0
4451.8
1350.6
1390.6
2187.4
541.8
538.0
148.6
119.0
45.2
133.4
0.0
0.0
723.2
791.0
819.0
0.0
0.0
117.6
0.0
187.8
2274.2
1219.2
0.0
113.4
1386.6
1413.0
524.0
517.6
545.2
513.0
0.0
113.4
118.4
26.6
0.0
0.0
0.0
0.0
0.0
0.0
0.0
22.6
678.2
744.0
1779.4
2820.0
1092.4
776.6
2692.2
1383.2
1845.166667
510.4
528.6
538.8
134.0
22.0
132.4
133.4
0.0
0.0
0.0
0.0
0.0
0.0
0.0
0.0
661.6
701.2
1589.4
781.2
0.0
0.0
1382.2
540.4
539.6
516.0
521.0
651.6
0.0
0.0
133.6
47.2
0.0
0.0