352.8
0.0
0.0
0.0
0.0
0.0
0.0
0.0
0.0
0.0
188.6
0.0
0.0
224.8
234.2
235.8
276.2
283.4
434.8
371.6
255.2
0.0
0.0
0.0
0.0
0.0
0.0
0.0
0.0
0.0
0.0
0.0
169.8
0.0
0.0
158.0
1367.4
199.8
221.4
188.8
235.6
302.6
292.8
291.4
298.2
330.2
0.0
0.0
0.0
0.0
0.0
0.0
0.0
0.0
0.0
0.0
134.4
0.0
0.0
0.0
0.0
0.0
0.0
0.0
0.0
0.0
0.0
0.0
0.0
0.0
0.0
0.0
0.0
0.0
0.0
0.0
0.0
0.0
0.0
0.0
0.0
0.0
202.2
214.8
183.4
240.0
0.0
0.0
0.0
0.0
0.0
0.0
0.0
0.0
0.0
0.0
0.0
0.0
0.0
0.0
0.0
0.0
0.0
0.0
0.0
0.0
0.0
0.0
0.0
0.0
204.6
165.0
161.0
170.2
178.4
286.8
185.8
314.0
264.8
0.0
0.0
0.0
0.0
0.0
0.0
0.0
0.0
0.0
0.0
0.0
0.0
0.0
0.0
0.0
61.2
93.0
254.6
251.4
326.8
332.0
325.0
0.0
0.0
0.0
0.0
0.0
0.0
0.0
0.0
0.0
0.0
0.0
0.0
40.0
0.0
0.0
683.4
198.6
220.8
255.0
213.0
290.8
174.0
258.4
287.4
0.0
0.0
0.0
0.0
0.0
0.0
0.0
0.0
0.0
0.0
0.0
0.0
309.4
244.8
179.2
2050.2
186.8
190.8
0.0
0.0
0.0
79.8
422.8
0.0
84.4
0.0
0.0
0.0
0.0
0.0
0.0
0.0
0.0
0.0
0.0
167.0
159.2
292.8
1135.2
0.0
263.8
230.4
238.4
233.4
169.8
171.4
314.4
356.2
0.0
0.0
0.0
0.0
0.0
0.0
0.0
0.0
0.0
0.0
0.0
20.2
0.0
197.4
0.0
222.2
163.8
194.2
234.0
272.6
164.0
324.2
300.0
332.8
0.0
0.0
0.0
0.0
0.0
0.0
0.0
0.0
0.0
0.0
0.0
700.4
0.0
0.0
0.0
0.0
0.0
0.0
0.0
0.0
0.0
0.0
0.0
0.0
21.8
59.2
0.0
0.0
0.0
0.0
0.0
0.0
0.0
0.0
0.0
0.0
262.4
0.0
0.0
0.0
208.4
170.2
163.2
277.2
281.6
201.2
0.0
0.0
0.0
0.0
0.0
0.0
0.0
0.0
0.0
0.0
0.0
0.0
0.0
0.0
0.0
0.0
0.0
0.0
0.0
0.0
0.0
0.0
0.0
111.2
0.0
0.0
0.0
0.0
0.0
0.0
0.0
0.0
0.0
0.0
0.0
0.0
0.0
0.0
0.0
0.0
0.0
0.0
0.0
0.0
0.0
0.0
71.4
0.0
323.8
324.2
283.4
307.0
0.0
0.0
0.0
0.0
0.0
0.0
0.0
0.0
0.0
89.8
0.0
36.4
0.0
458.8
182.6
212.8
248.4
255.4
274.8
0.0
0.0
0.0
0.0
0.0
0.0
0.0
0.0
0.0
0.0
0.0
86.0
0.0
0.0
182.2
30.2
0.0
0.0
0.0
0.0
213.0
0.0
0.0
253.0
313.0
49.4
0.0
0.0
0.0
0.0
0.0
0.0
0.0
0.0
0.0
0.0
0.0
0.0
172.4
0.0
206.4
177.2
168.2
171.8
246.4
239.8
230.2
308.0
256.8
332.4
336.8
0.0
0.0
0.0
0.0
0.0
0.0
0.0
0.0
0.0
0.0
0.0
0.0
0.0
240.4
0.0
0.0
0.0
0.0
0.0
240.4
289.8
284.6
238.4
245.4
0.0
0.0
0.0
0.0
0.0
0.0
0.0
0.0
0.0
0.0
336.8
40.8
20.2
0.0
0.0
0.0
218.2
205.8
218.2
221.2
172.6
349.8
203.2
348.8
348.2
0.0
0.0
0.0
0.0
0.0
0.0
0.0
0.0
0.0
682.8
0.0
0.0
0.0
0.0
0.0
0.0
0.0
0.0
0.0
0.0
0.0
0.0
0.0
0.0
0.0
0.0
0.0
0.0
0.0
0.0
0.0
0.0
0.0
0.0
0.0
0.0
0.0
0.0
0.0
0.0
0.0
0.0
0.0
0.0
0.0
0.0
0.0
0.0
0.0
0.0
0.0
0.0
0.0
0.0
0.0
0.0
0.0
0.0
0.0
0.0
0.0
0.0
0.0
0.0
0.0
0.0
0.0
0.0
0.0
0.0
0.0
0.0
0.0
0.0
0.0
0.0
0.0
0.0
0.0
0.0
0.0
0.0
0.0
0.0
0.0
0.0
0.0
0.0
209.2
242.2
241.8
216.8
286.0
278.8
276.4
278.0
99.0
0.0
0.0
0.0
0.0
0.0
0.0
0.0
0.0
0.0
85.8
0.0
0.0
0.0
753.0
0.0
257.0
241.2
240.4
202.8
162.8
432.2
279.6
314.2
330.4
313.2
0.0
0.0
0.0
0.0
0.0
0.0
0.0
0.0
20.6
0.0
371.6
264.8
191.6
172.4
233.4
243.6
253.8
271.8
182.8
469.6
283.8
0.0
0.0
0.0
0.0
0.0
0.0
0.0
0.0
0.0
0.0
20.2
86.4
0.0
140.4
152.2
0.0
213.2
194.6
175.4
284.8
205.6
327.0
328.2
294.0
313.2
280.6
0.0
0.0
0.0
0.0
0.0
0.0
0.0
0.0
0.0
0.0
0.0
0.0
0.0
0.0
0.0
253.8
204.6
299.0
189.6
195.4
278.2
289.0
0.0
0.0
0.0
0.0
0.0
0.0
0.0
0.0
0.0
0.0
0.0
86.0
0.0
0.0
0.0
0.0
0.0
208.8
176.2
334.2
270.4
334.6
307.2
306.4
0.0
0.0
0.0
0.0
0.0
0.0
0.0
0.0
0.0
0.0
512.6
0.0
36.0
0.0
0.0
73.2
223.4
205.8
183.0
243.6
281.4
391.8
271.6
0.0
0.0
0.0
0.0
0.0
0.0
0.0
0.0
0.0
0.0
0.0
0.0
0.0
186.0
250.4
231.6
866.8
167.6
247.4
163.6
201.4
220.2
0.0
0.0
0.0
0.0
0.0
0.0
0.0
0.0
0.0
0.0
0.0
0.0
0.0
0.0
0.0
0.0
0.0
0.0
195.6
166.4
169.8
161.6
211.2
195.8
0.0
0.0
0.0
0.0
0.0
0.0
0.0
0.0
0.0
0.0
0.0
0.0
0.0
0.0
173.6
0.0
0.0
0.0
0.0
0.0
0.0
0.0
0.0
0.0
0.0
0.0
0.0
0.0
0.0
0.0
0.0
0.0
0.0
0.0
0.0
0.0
0.0
0.0
0.0
0.0
172.8
162.2
270.2
475.2
207.4
191.8
170.4
170.4
265.6
341.6
375.0
377.8
0.0
0.0
0.0
0.0
0.0
0.0
0.0
0.0
0.0
0.0
77.6
0.0
0.0
0.0
0.0
0.0
0.0
0.0
59.8
238.2
248.2
423.0
349.8
92.6
0.0
0.0
0.0
0.0
0.0
0.0
0.0
0.0
0.0
0.0
0.0
0.0
0.0
0.0
0.0
0.0
0.0
0.0
0.0
0.0
0.0
331.2
286.4
361.2
0.0
0.0
0.0
0.0
0.0
0.0
0.0
0.0
0.0
0.0
0.0
112.0
0.0
28.2
0.0
0.0
0.0
244.6
257.8
279.8
188.8
260.2
315.2
0.0
0.0
0.0
0.0
0.0
0.0
0.0
0.0
0.0
0.0
0.0
0.0
0.0
0.0
0.0
0.0
0.0
0.0
136.8
203.2
0.0
0.0
0.0
0.0
369.8
0.0
0.0
0.0
0.0
0.0
0.0
0.0
0.0
0.0
0.0
0.0
0.0
0.0
24.0
0.0
0.0
1264.2
0.0
251.4
0.0
0.0
0.0
0.0
248.5
0.0
0.0
0.0
0.0
0.0
0.0
0.0
0.0
0.0
0.0
0.0
0.0
200.8
242.0
691.0
176.2
251.2
212.4
203.0
201.0
321.2
173.0
360.0
111.8
0.0
0.0
0.0
0.0
0.0
0.0
0.0
0.0
0.0
699.8
270.8
0.0
161.6
181.4
1112.2
167.4
241.2
0.0
0.0
0.0
35.0
389.4
198.8
322.8
279.6
0.0
0.0
0.0
0.0
0.0
0.0
0.0
0.0
0.0
0.0
0.0
0.0
0.0
0.0
0.0
0.0
0.0
0.0
0.0
267.2
373.8
337.8
0.0
0.0
0.0
0.0
0.0
0.0
0.0
0.0
0.0
0.0
0.0
0.0
0.0
327.0
491.4
0.0
0.0
0.0
0.0
213.8
240.6
263.8
377.2
366.6
111.0
106.0
0.0
0.0
20.2
0.0
0.0
0.0
0.0
0.0
0.0
0.0
0.0
0.0
0.0
895.0
176.6
211.2
252.2
243.2
247.2
178.2
0.0
0.0
0.0
0.0
0.0
0.0
0.0
0.0
0.0
0.0
0.0
0.0
0.0
0.0
190.4
0.0
607.4
0.0
0.0
0.0
0.0
0.0
0.0
250.2
184.2
414.8
389.8
0.0
0.0
0.0
0.0
44.2
0.0
0.0
0.0
0.0
530.6
0.0
0.0
0.0
0.0
239.0
178.4
195.2
247.4
202.4
228.0
174.4
280.8
146.8
0.0
0.0
0.0
0.0
0.0
0.0
60.6
0.0
0.0
0.0
0.0
0.0
0.0
0.0
233.8
172.6
240.4
239.0
0.0
0.0
207.6
209.2
204.6
324.6
87.4
78.2
0.0
0.0
0.0
0.0
0.0
0.0
0.0
0.0
341.2
0.0
0.0
204.8
207.8
203.8
175.2
178.4
175.4
172.8
207.6
209.8
293.0
397.2
383.4
0.0
0.0
0.0
0.0
0.0
0.0
0.0
0.0
0.0
0.0
703.0
319.8
211.8
180.8
228.8
177.4
165.0
169.0
180.6
1054.8
2512.8
805.6
432.8
0.0
0.0
0.0
0.0
0.0
0.0
0.0
0.0
0.0
0.0
40.8
350.6
0.0
0.0
0.0
0.0
0.0
0.0
0.0
0.0
252.2
257.0
373.8
355.6
44.4
0.0
0.0
0.0
0.0
0.0
0.0
0.0
0.0
0.0
0.0
0.0
34.4
0.0
38.0
0.0
116.4
180.4
197.0
0.0
247.0
303.6
86.2
82.6
137.6
0.0
0.0
0.0
0.0
0.0
0.0
0.0
0.0
0.0
0.0
30.4
225.8
234.4
197.2
894.2
183.4
223.4
244.2
245.6
163.6
0.0
0.0
102.4
449.8
0.0
0.0
0.0
0.0
0.0
0.0
0.0
0.0
0.0
0.0
0.0
0.0
0.0
0.0
1034.6
213.8
188.2
273.0
0.0
218.4
174.8
295.4
336.2
0.0
0.0
0.0
0.0
0.0
0.0
0.0
0.0
0.0
0.0
0.0
167.4
0.0
265.4
489.6
173.4
235.6
0.0
0.0
0.0
0.0
0.0
288.4
0.0
0.0
0.0
0.0
0.0
0.0
0.0
0.0
0.0
0.0
0.0
0.0
0.0
0.0
0.0
34.8
185.4
177.2
223.6
250.0
252.8
1056.0
1074.6
2148.2
22.2
417.8
0.0
0.0
0.0
0.0
0.0
0.0
0.0
0.0
0.0
0.0
0.0
0.0
0.0
0.0
0.0
0.0
0.0
0.0
0.0
0.0
0.0
0.0
325.8
0.0
0.0
0.0
0.0
0.0
0.0
0.0
0.0
0.0
0.0
60.6
0.0
0.0
0.0
0.0
0.0
0.0
0.0
0.0
0.0
517.2
0.0
431.6
345.4
347.0
0.0
0.0
0.0
0.0
0.0
0.0
0.0
0.0
0.0
61.0
0.0
0.0
253.4
206.0
168.8
173.8
166.0
165.0
212.4
175.0
311.4
0.0
0.0
67.2
0.0
0.0
0.0
0.0
0.0
0.0
0.0
0.0
0.0
0.0
0.0
186.4
0.0
171.8
444.4
171.6
0.0
0.0
0.0
0.0
0.0
43.4
366.0
424.6
372.8
0.0
0.0
0.0
0.0
0.0
0.0
0.0
0.0
0.0
0.0
196.0
260.0
895.0
1173.6
167.6
0.0
0.0
0.0
153.8
0.0
274.4
310.8
0.0
0.0
0.0
0.0
0.0
0.0
0.0
0.0
0.0
0.0
0.0
166.6
0.0
223.6
222.6
654.6
172.4
185.8
175.8
183.6
490.8
255.8
364.6
394.8
0.0
0.0
0.0
0.0
0.0
0.0
0.0
0.0
0.0
0.0
0.0
0.0
228.6
0.0
0.0
0.0
0.0
0.0
0.0
0.0
0.0
0.0
293.0
190.0
369.8
0.0
0.0
0.0
0.0
0.0
0.0
0.0
0.0
0.0
0.0
0.0
0.0
0.0
0.0
252.4
0.0
0.0
243.0
0.0
0.0
0.0
0.0
0.0
0.0
0.0
0.0
0.0
0.0
0.0
0.0
0.0
0.0
0.0
0.0
0.0
0.0
228.2
172.8
166.8
182.0
183.0
348.8
905.6
240.2
215.0
342.6
344.6
356.8
0.0
0.0
0.0
0.0
0.0
0.0
0.0
0.0
0.0
0.0
188.2
0.0
182.8
183.2
314.0
193.2
178.2
182.2
179.8
181.0
240.8
448.8
325.8
44.4
0.0
0.0
0.0
0.0
0.0
0.0
0.0
0.0
0.0
704.8
209.8
170.4
171.2
161.5
165.4
169.0
0.0
0.0
0.0
200.6
167.4
184.4
164.6
289.6
367.8
0.0
0.0
0.0
0.0
0.0
0.0
0.0
0.0
0.0
0.0
199.4
228.6
163.6
160.8
175.8
303.2
245.8
0.0
0.0
0.0
0.0
0.0
0.0
0.0
0.0
0.0
0.0
0.0
0.0
0.0
0.0
0.0
0.0
0.0
0.0
0.0
0.0
0.0
0.0
0.0
0.0
0.0
0.0
0.0
0.0
0.0
0.0
0.0
0.0
0.0
0.0
0.0
0.0
0.0
0.0
0.0
0.0
0.0
0.0
0.0
0.0
0.0
0.0
0.0
0.0
0.0
0.0
0.0
0.0
0.0
375.0
0.0
0.0
0.0
0.0
0.0
0.0
0.0
0.0
0.0
212.0
0.0
39.6
0.0
1761.8
0.0
0.0
0.0
106.0
80.8
1000.4
312.8
303.6
294.2
0.0
0.0
0.0
0.0
0.0
0.0
0.0
0.0
0.0
0.0
0.0
0.0
229.4
744.4
185.2
179.8
658.4
445.2
655.4
359.8
236.0
230.0
322.4
341.8
61.0
0.0
0.0
0.0
0.0
0.0
0.0
0.0
0.0
90.2
0.0
0.0
211.0
604.8
743.4
0.0
0.0
0.0
0.0
0.0
252.6
0.0
0.0
0.0
0.0
0.0
269.6
0.0
0.0
0.0
0.0
0.0
0.0
0.0
0.0
200.4
207.6
0.0
0.0
609.6
0.0
79.2
481.6
0.0
257.8
250.0
291.2
339.8
0.0
0.0
0.0
0.0
0.0
0.0
0.0
0.0
0.0
0.0
106.0
0.0
0.0
0.0
0.0
0.0
0.0
0.0
0.0
0.0
0.0
0.0
0.0
61.6
0.0
0.0
0.0
0.0
0.0
0.0
0.0
0.0
0.0
0.0
0.0
1956.8
1433.0
0.0
749.4
660.0
557.0
636.2
108.6
622.0
473.2
0.0
0.0
0.0
0.0
0.0
0.0
0.0
0.0
0.0
0.0
0.0
0.0
0.0
0.0
173.3333333
203.4
650.6
662.4
757.0
774.2
0.0
680.4
692.2
699.4
162.2
255.6
307.0
375.8
374.4
0.0
0.0
0.0
0.0
0.0
0.0
0.0
117.2
0.0
0.0
0.0
562.6
563.6
585.2
586.4
588.0
600.4
610.6
604.6
0.0
0.0
224.6
344.2
0.0
0.0
0.0
0.0
0.0
0.0
0.0
0.0
0.0
0.0
0.0
625.8
769.6
751.4
722.0
657.6
608.8
631.2
640.0
647.6
0.0
0.0
318.2
316.4
0.0
0.0
0.0
0.0
0.0
0.0
0.0
0.0
0.0
0.0
0.0
0.0
628.0
623.4
1385.6
659.6
669.6
676.6
725.8
247.2
175.2
0.0
0.0
0.0
0.0
0.0
0.0
0.0
0.0
0.0
0.0
0.0
0.0
0.0
378.0
0.0
650.8
679.0
685.0
660.4
664.2
872.2
877.0
0.0
0.0
0.0
265.2
323.0
0.0
0.0
0.0
0.0
0.0
0.0
0.0
0.0
0.0
830.6
0.0
0.0
0.0
237.8
802.6
801.2
788.6
868.0
0.0
0.0
0.0
234.0
259.0
0.0
0.0
0.0
0.0
62.2
0.0
0.0
0.0
0.0
0.0
0.0
0.0
0.0
262.6
1446.6
183.8
239.0
64.6
233.6
404.2
178.2
288.2
280.6
312.8
0.0
0.0
0.0
0.0
0.0
0.0
0.0
0.0
0.0
0.0
0.0
0.0
210.6
202.6
199.0
1370.4
789.2
821.8
826.6
844.2
0.0
161.8
281.8
286.4
319.8
141.4
0.0
0.0
0.0
0.0
0.0
0.0
0.0
0.0
0.0
0.0
0.0
659.0
687.0
698.0
707.8
700.6
692.6
699.0
0.0
0.0
0.0
350.0
393.0
0.0
0.0
0.0
0.0
0.0
0.0
0.0
0.0
0.0
0.0
0.0
214.2
834.0
983.4
804.4
815.6
891.0
1106.8
1117.8
216.2
182.8
168.0
292.0
400.8
0.0
0.0
0.0
0.0
0.0
0.0
0.0
0.0
0.0
0.0
0.0
717.4
603.0
727.8
987.6
733.6
165.0
849.6
813.6
261.2
244.0
281.8
0.0
108.4
0.0
0.0
0.0
0.0
0.0
0.0
0.0
0.0
0.0
164.0
0.0
703.4
844.4
846.6
267.8
876.6
289.8
918.0
866.4
168.4
175.8
279.2
327.6
106.6
0.0
0.0
0.0
0.0
0.0
0.0
0.0
0.0
0.0
0.0
334.2
790.0
206.6
711.6
846.2
752.6
780.6
749.6
478.0
0.0
0.0
63.2
0.0
115.0
0.0
0.0
0.0
0.0
0.0
0.0
0.0
0.0
0.0
0.0
223.8
191.6
1710.0
845.4
866.2
725.6
711.0
727.6
734.4
0.0
595.4
317.4
108.4
0.0
0.0
0.0
0.0
0.0
0.0
0.0
0.0
0.0
0.0
0.0
0.0
0.0
722.6
732.6
759.2
926.4
842.6
174.6
187.2
215.6
233.0
292.4
382.2
277.2
0.0
0.0
0.0
0.0
0.0
0.0
0.0
0.0
0.0
0.0
194.6
251.2
847.2
1371.6
882.8
3536.8
1571.8
923.4
935.2
182.4
240.2
283.0
44.4
0.0
0.0
0.0
0.0
0.0
0.0
0.0
0.0
0.0
0.0
0.0
0.0
109.0
481.2
0.0
743.2
935.4
0.0
2600.0
0.0
32.2
240.2
289.6
0.0
92.2
0.0
0.0
0.0
0.0
0.0
0.0
0.0
0.0
0.0
0.0
2631.4
0.0
198.0
140.4
375.8
61.0
210.4
570.6
239.4
236.0
240.8
0.0
0.0
0.0
0.0
0.0
0.0
0.0
0.0
0.0
0.0
0.0
0.0
164.2
448.6
301.4
2205.2
2884.6
804.6
716.8
731.4
737.2
181.4
171.0
178.4
285.2
0.0
0.0
0.0
0.0
0.0
0.0
0.0
0.0
0.0
0.0
0.0
0.0
727.0
0.0
0.0
2860.4
0.0
905.8
900.8
933.0
229.0
176.6
238.2
283.2
0.0
0.0
0.0
0.0
0.0
0.0
0.0
0.0
0.0
0.0
0.0
0.0
2166.8
779.4
704.8
1851.6
726.6
727.0
1258.0
831.8
0.0
0.0
0.0
284.2
0.0
0.0
0.0
0.0
0.0
0.0
0.0
0.0
0.0
0.0
0.0
41.6
0.0
3428.2
726.6
842.4
768.8
736.4
758.6
863.8
172.0
180.2
240.8
242.4
87.4
0.0
0.0
0.0
0.0
0.0
0.0
0.0
0.0
88.0
0.0
0.0
0.0
264.4
729.6
717.4
745.4
739.4
737.0
759.4
0.0
0.0
0.0
34.2
277.0
0.0
0.0
0.0
0.0
0.0
0.0
0.0
0.0
0.0
0.0
236.4
185.4
721.8
758.4
1228.4
881.8
2164.6
1769.0
1742.2
1730.6
982.0
175.8
241.0
0.0
0.0
0.0
0.0
0.0
0.0
0.0
0.0
0.0
0.0
0.0
0.0
0.0
738.8
756.0
1372.2
744.4
767.2
99.4
0.0
0.0
0.0
0.0
0.0
67.6
0.0
0.0
0.0
0.0
0.0
0.0
0.0
0.0
0.0
0.0
0.0
228.4
171.4
857.0
182.2
204.2
116.2
0.0
0.0
0.0
0.0
0.0
268.2
0.0
0.0
0.0
0.0
0.0
0.0
0.0
0.0
0.0
0.0
0.0
0.0
0.0
0.0
0.0
0.0
0.0
0.0
0.0
0.0
0.0
0.0
0.0
0.0
0.0
0.0
0.0
0.0
0.0
0.0
0.0
0.0
0.0
0.0
0.0
0.0
258.6
2601.2
714.6
731.2
720.4
743.6
761.0
907.0
769.0
0.0
141.8
282.6
0.0
0.0
0.0
0.0
0.0
0.0
0.0
0.0
0.0
0.0
0.0
165.6
0.0
0.0
777.8
759.2
888.5
797.4
750.4
755.4
752.8
0.0
267.8
262.2
356.6
0.0
0.0
0.0
0.0
0.0
0.0
0.0
0.0
0.0
0.0
189.6
163.2
191.2
825.6
797.6
730.8
745.6
750.8
0.0
0.0
207.4
173.6
240.6
111.0
0.0
0.0
0.0
0.0
0.0
0.0
0.0
0.0
0.0
0.0
0.0
2838.8
212.6
858.2
854.6
197.2
160.6
158.4
169.0
207.6
172.0
173.0
286.6
347.8
0.0
0.0
0.0
0.0
0.0
0.0
0.0
0.0
0.0
163.6
0.0
0.0
726.8
721.8
761.0
0.0
0.0
0.0
0.0
0.0
176.8
243.6
0.0
111.6
0.0
0.0
0.0
0.0
0.0
0.0
0.0
0.0
0.0
0.0
0.0
3472.2
728.8
834.6
1144.8
0.0
748.4
754.4
756.2
950.0
205.6
256.2
0.0
0.0
0.0
0.0
0.0
0.0
0.0
0.0
0.0
0.0
0.0
168.2
0.0
0.0
704.8
848.0
842.2
148.0
1033.2
943.2
936.4
0.0
0.0
0.0
254.0
0.0
0.0
0.0
0.0
0.0
0.0
0.0
0.0
0.0
0.0
0.0
0.0
1371.2
3584.0
986.0
882.0
0.0
199.6
204.0
242.4
173.0
166.2
189.4
206.6
0.0
93.0
0.0
0.0
0.0
0.0
0.0
0.0
0.0
0.0
0.0
167.2
2820.8
832.2
970.6
858.4
189.8
0.0
0.0
0.0
537.6
0.0
144.6
281.4
313.8
393.6
0.0
0.0
0.0
0.0
0.0
0.0
0.0
0.0
0.0
0.0
0.0
725.0
711.0
733.2
0.0
0.0
0.0
0.0
0.0
0.0
0.0
0.0
110.4
0.0
0.0
0.0
0.0
0.0
0.0
0.0
0.0
0.0
0.0
356.8
199.0
756.8
745.6
741.2
230.6
3721.2
873.6
879.8
896.0
165.6
168.2
276.2
420.0
346.2
0.0
0.0
0.0
0.0
0.0
0.0
0.0
0.0
0.0
0.0
115.0
1490.4
1687.6
824.6
192.4
0.0
0.0
0.0
0.0
0.0
230.6
0.0
86.8
0.0
0.0
0.0
0.0
0.0
0.0
0.0
0.0
0.0
0.0
212.8
180.4
846.8
849.6
843.2
158.6
162.2
169.0
215.4
181.6
182.0
176.8
171.8
318.2
0.0
0.0
0.0
0.0
0.0
0.0
0.0
0.0
0.0
0.0
179.0
2768.2
736.8
739.0
741.4
0.0
209.2
201.2
0.0
0.0
87.4
0.0
0.0
81.6
0.0
0.0
0.0
0.0
0.0
0.0
0.0
0.0
0.0
0.0
0.0
0.0
3562.8
743.0
880.8
257.4
0.0
0.0
0.0
0.0
0.0
0.0
263.0
110.0
73.2
0.0
0.0
0.0
0.0
0.0
0.0
0.0
0.0
328.8
0.0
64.0
720.8
815.8
731.4
226.4
3685.6
3597.0
934.6
900.4
164.8
303.6
201.2
362.6
363.8
0.0
0.0
0.0
0.0
0.0
0.0
0.0
0.0
0.0
31.0
2120.6
1084.0
746.8
2375.6
0.0
743.2
748.6
193.0
0.0
227.8
174.6
237.6
300.0
0.0
0.0
0.0
0.0
0.0
0.0
0.0
0.0
0.0
0.0
0.0
2800.8
714.75
915.6
835.2
0.0
0.0
0.0
0.0
0.0
0.0
0.0
0.0
0.0
0.0
0.0
0.0
0.0
0.0
0.0
0.0
0.0
0.0
0.0
1515.2
0.0
742.0
773.0
853.0
279.2
1825.6
253.4
247.4
242.4
169.0
177.2
174.6
177.8
184.2
69.0
0.0
0.0
43.6
0.0
0.0
0.0
65.0
110.0
996.8
241.0
252.0
260.8
247.8
214.6
223.6
1222.2
218.4
220.0
256.0
360.6
223.0
222.6
0.0
0.0
0.0
0.0
0.0
0.0
0.0
0.0
0.0
0.0
47.2
0.0
696.4
772.8
709.2
0.0
0.0
116.4
22.0
0.0
0.0
70.4
119.2
101.2
0.0
0.0
0.0
0.0
0.0
0.0
0.0
0.0
0.0
0.0
167.2
117.2
2791.6
2219.4
909.4
0.0
897.8
881.8
897.0
882.8
182.0
243.6
323.4
151.2
93.4
87.4
87.8
110.0
110.6
110.8
111.4
111.2
111.2
112.0
94.6
848.0
883.0
1630.0
1125.8
274.2
338.8
938.6
891.4
918.0
164.4
190.4
182.4
375.6
409.8
118.4
0.0
117.6
0.0
0.0
46.4
0.0
81.8
114.2
0.0
0.0
769.8
117.0
0.0
0.0
0.0
23.2
24.4
0.0
0.0
0.0
162.4
299.4
193.6
67.8
0.0
119.4
0.0
0.0
117.8
0.0
0.0
162.8
0.0
808.8
816.2
801.0
789.2
0.0
745.4
0.0
0.0
28.0
47.8
264.6
264.6
341.6
331.4
0.0
118.0
0.0
0.0
0.0
0.0
0.0
0.0
0.0
0.0
0.0
734.6
2040.8
1015.8
0.0
0.0
208.4
173.4
259.0
170.0
0.0
0.0
103.6
0.0
310.0
0.0
0.0
118.8
23.4
0.0
0.0
0.0
0.0
50.0
116.8
900.4
723.4
298.4
162.8
0.0
0.0
0.0
507.8
119.2
0.0
244.0
174.2
0.0
0.0
118.6
0.0
0.0
117.8
0.0
0.0
0.0
117.0
0.0
849.6
904.0
885.0
947.0
182.0
310.4
459.2
195.0
207.2
178.8
289.4
244.6
196.2
77.4
0.0
0.0
0.0
117.4
0.0
0.0
0.0
0.0
27.0
119.2
1528.0
773.6
950.2
190.6
232.2
0.0
0.0
0.0
117.6
0.0
0.0
0.0
0.0
0.0
0.0
0.0
0.0
0.0
0.0
94.8
0.0
0.0
660.0
0.0
1530.8
0.0
163.6
158.6
108.2
94.0
0.0
0.0
0.0
0.0
0.0
77.2
326.0
315.6
73.2
0.0
118.0
0.0
117.8
0.0
46.4
0.0
0.0
195.0
118.4
753.4
200.8
188.2
137.4
0.0
0.0
92.4
0.0
25.6
247.0
291.8
333.0
412.8
0.0
117.0
0.0
47.8
0.0
117.0
0.0
0.0
119.2
2765.8
0.0
887.8
936.6
203.8
208.8
240.4
158.8
388.75
165.0
164.4
161.6
172.8
502.4
0.0
118.4
0.0
23.6
0.0
0.0
0.0
117.8
0.0
0.0
115.4
786.2
1276.0
889.6
159.4
207.6
0.0
0.0
211.0
228.2
210.2
185.4
181.4
232.4
0.0
0.0
0.0
0.0
0.0
70.0
0.0
0.0
0.0
0.0
24.4
106.8
790.8
40.6
121.4
0.0
0.0
0.0
0.0
120.5
207.8
173.6
164.0
304.8
0.0
79.4
0.0
24.2
0.0
0.0
118.2
0.0
0.0
491.6
0.0
3473.2
0.0
260.2
0.0
262.6
0.0
311.0
1246.6
1016.6
619.6
242.0
234.0
22.4
24.2
118.6
23.4
0.0
0.0
0.0
0.0
0.0
0.0
669.2
0.0
3501.2
894.2
976.2
1071.0
215.4
38.2
209.8
249.4
238.6
465.6
297.4
246.8
0.0
0.0
0.0
69.8
118.6
0.0
0.0
0.0
0.0
0.0
656.2
780.4
0.0
104.2
999.4
764.2
201.0
172.4
443.8
220.8
163.2
164.2
168.6
235.0
256.2
271.0
0.0
119.6
0.0
0.0
0.0
0.0
0.0
119.0
0.0
0.0
0.0
0.0
166.6
735.4
105.0
58.4
0.0
0.0
245.2
302.0
165.0
245.4
51.0
0.0
0.0
0.0
0.0
0.0
170.8
118.4
46.6
0.0
0.0
0.0
872.2
793.0
733.0
1575.6
46.2
1659.2
901.0
178.8
197.2
168.4
263.8
239.6
313.6
129.0
70.6
0.0
0.0
0.0
0.0
0.0
0.0
118.6
0.0
0.0
3491.8
719.6
759.2
736.4
0.0
0.0
0.0
28.4
0.0
208.0
0.0
0.0
0.0
0.0
0.0
384.0
116.4
46.6
23.4
71.2
119.4
23.2
0.0
244.2
0.0
738.8
740.4
1335.6
1424.4
0.0
0.0
0.0
69.0
184.0
207.4
0.0
0.0
129.6
0.0
0.0
117.6
0.0
0.0
70.8
0.0
0.0
0.0
232.0
221.2
980.6
913.2
1100.0
0.0
0.0
114.6
0.0
0.0
275.6
0.0
0.0
93.4
0.0
69.4
0.0
0.0
119.2
0.0
0.0
117.2
0.0
0.0
0.0
71.8
1132.8
742.0
910.6
237.6
117.0
0.0
0.0
118.2
0.0
99.8
0.0
77.4
0.0
46.6
0.0
0.0
0.0
0.0
120.0
0.0
0.0
116.2
0.0
0.0
0.0
293.6
161.4
904.75
749.0
763.2
263.2
246.4
242.8
0.0
103.0
0.0
0.0
118.0
0.0
0.0
0.0
117.2
0.0
0.0
0.0
0.0
0.0
0.0
0.0
0.0
0.0
729.4
726.2
740.2
752.2
755.6
0.0
0.0
261.8
287.6
256.4
47.0
0.0
0.0
0.0
0.0
0.0
0.0
0.0
161.6
70.2
858.4
0.0
205.2
419.0
926.0
868.0
834.0
847.8
866.0
163.8
219.2
246.8
281.6
396.8
0.0
0.0
0.0
0.0
0.0
0.0
0.0
0.0
0.0
358.6
22.8
0.0
0.0
0.0
718.2
784.0
1017.4
947.6
203.2
168.0
211.8
0.0
0.0
0.0
117.4
0.0
0.0
0.0
0.0
0.0
0.0
0.0
0.0
208.6
207.6
1689.8
199.8
249.8
883.0
863.2
163.8
171.2
205.6
211.0
166.6
250.4
247.0
126.8
0.0
0.0
0.0
118.0
0.0
0.0
0.0
0.0
0.0
0.0
1477.4
745.6
961.8
727.2
741.4
736.4
1289.833333
210.4
173.2
162.6
296.2
238.0
0.0
75.4
0.0
0.0
24.4
0.0
0.0
46.2
0.0
0.0
119.4
0.0
1498.6
0.0
716.0
159.8
736.2
0.0
128.0
0.0
0.0
76.6
0.0
0.0
125.2
0.0
0.0
70.0