401.2
109.2
115.2
160.2
90.0
67.8
172.2
219.4
240.0
1003.4
39.0
215.0
195.0
142.4
0.0
60.2
345.8
214.6
362.0
245.4
243.6
149.0
148.4
0.0
134.8
0.0
84.6
180.0
69.2
164.0
117.8
180.4
1663.0
45.6
71.6
106.2
91.2
149.8
67.2
114.0
255.8
146.6
207.4
147.4
387.0
75.4
110.6
0.0
168.8
117.0
46.2
164.2
137.4
181.6
126.2
171.6
133.0
112.0
25.4
0.0
0.0
0.0
0.0
0.0
0.0
0.0
0.0
0.0
0.0
0.0
0.0
0.0
0.0
0.0
0.0
0.0
0.0
0.0
0.0
0.0
0.0
0.0
179.6
168.6
193.8
24.0
0.0
0.0
0.0
0.0
0.0
0.0
0.0
0.0
0.0
0.0
0.0
0.0
0.0
0.0
0.0
0.0
0.0
0.0
0.0
0.0
0.0
0.0
0.0
0.0
198.8
800.0
450.6
276.2
219.6
114.8
473.4
207.0
121.6
186.6
22.8
294.4
188.4
156.8
152.6
154.8
0.0
228.6
0.0
142.0
0.0
130.8
1100.4
1012.6
217.2
129.2
181.4
234.4
55.2
196.4
125.4
142.6
218.0
113.2
70.8
168.2
114.8
81.0
104.4
90.8
246.0
169.8
272.2
21.6
126.2
117.0
321.6
192.2
133.0
189.4
174.0
283.0
361.4
259.0
132.4
340.8
99.8
125.2
106.8
183.6
188.6
174.8
175.8
146.6
26.8
237.2
197.6
372.6
115.4
161.4
280.6
20.8
241.4
22.0
204.4
191.8
228.2
99.0
0.0
146.6
244.8
172.0
106.8
0.0
106.6
23.6
248.0
178.6
23.4
79.8
0.0
457.8
1720.2
245.2
116.0
208.0
162.8
0.0
0.0
144.0
260.6
177.4
82.4
168.6
240.6
95.6
897.8
148.4
135.0
23.0
248.0
184.6
0.0
114.0
162.0
473.4
72.4
1524.0
863.4
0.0
156.0
184.0
71.6
124.0
224.4
194.0
287.0
137.8
178.2
92.6
0.0
181.6
172.0
139.2
136.2
22.8
177.0
116.8
289.0
0.0
0.0
0.0
0.0
0.0
0.0
0.0
0.0
0.0
0.0
0.0
0.0
224.0
108.8
22.6
114.6
184.6
0.0
0.0
103.4
116.2
206.8
440.0
233.6
148.2
0.0
0.0
0.0
113.8
168.2
22.6
141.2
217.8
176.2
0.0
0.0
0.0
0.0
0.0
0.0
0.0
0.0
0.0
0.0
0.0
0.0
0.0
0.0
219.6
63.2
194.8
203.0
97.8
120.2
143.4
129.4
132.4
287.0
0.0
0.0
0.0
0.0
0.0
0.0
0.0
0.0
0.0
0.0
0.0
0.0
0.0
241.0
322.4
0.0
128.2
188.4
220.2
260.0
0.0
212.4
836.4
285.6
257.8
214.2
130.6
308.0
0.0
170.0
116.2
39.4
0.0
113.8
224.2
0.0
147.8
240.0
0.0
242.2
146.6
0.0
151.2
124.6
321.4
52.6
183.8
177.2
0.0
176.8
164.8
165.4
48.6
156.2
117.0
255.4
161.2
127.4
0.0
143.2
205.2
28.0
256.2
92.0
0.0
0.0
0.0
0.0
183.0
172.6
117.2
182.8
143.0
179.2
195.4
130.8
61.0
168.0
130.0
108.0
115.0
66.6
0.0
294.4
94.2
178.0
135.2
238.4
353.0
828.6
26.4
0.0
182.4
207.4
211.0
266.2
134.4
0.0
369.2
1221.2
137.2
255.6
0.0
250.2
116.2
0.0
120.6
178.2
177.2
1044.0
270.4
140.6
0.0
0.0
0.0
0.0
0.0
28.6
189.4
300.2
112.4
244.8
305.0
977.2
336.0
114.8
206.0
248.0
183.6
22.4
175.8
126.4
194.6
278.6
106.0
45.0
242.4
142.8
274.2
200.4
225.2
259.4
105.2
195.4
154.2
158.8
191.0
21.8
195.6
194.2
243.2
126.8
212.0
145.8
186.0
115.4
234.2
186.8
0.0
0.0
0.0
0.0
0.0
0.0
0.0
0.0
0.0
0.0
0.0
0.0
0.0
0.0
0.0
0.0
0.0
0.0
0.0
0.0
0.0
0.0
0.0
0.0
0.0
0.0
0.0
0.0
0.0
0.0
0.0
0.0
0.0
0.0
0.0
0.0
0.0
0.0
0.0
0.0
0.0
0.0
0.0
0.0
0.0
0.0
0.0
0.0
0.0
0.0
0.0
0.0
0.0
0.0
0.0
0.0
0.0
0.0
0.0
0.0
0.0
0.0
0.0
0.0
0.0
0.0
0.0
0.0
0.0
0.0
0.0
0.0
0.0
0.0
0.0
0.0
0.0
267.6
191.8
251.0
273.0
254.8
149.8
192.2
154.6
187.0
199.2
187.6
185.8
157.2
220.2
74.2
96.0
107.0
124.8
193.6
2220.6
144.6
210.0
232.8
165.0
201.2
201.6
216.0
184.6
202.6
218.6
1578.8
338.8
0.0
255.8
44.2
222.6
45.8
183.0
183.2
198.0
173.0
153.2
151.8
272.8
83.8
242.4
144.4
137.8
210.4
168.0
166.2
321.0
236.2
234.0
203.6
112.8
117.8
112.6
92.2
219.2
169.6
131.8
122.6
91.4
153.2
119.6
229.0
108.8
156.4
298.4
218.8
288.2
137.8
215.2
272.6
269.0
0.0
333.8
154.8
160.4
194.0
103.8
81.4
94.4
129.4
219.6
187.2
123.2
170.2
25.2
269.6
332.2
143.4
240.4
0.0
0.0
307.6
63.0
356.2
145.4
160.2
253.0
0.0
193.4
118.8
183.2
346.6
125.6
221.0
190.2
160.6
124.4
0.0
599.6
2238.8
1045.6
179.0
233.4
186.0
265.8
54.4
360.6
32.8
69.2
349.6
27.0
269.4
127.2
179.4
145.2
140.0
166.6
123.8
181.2
184.2
133.4
160.0
142.0
213.0
296.4
0.0
117.8
141.8
344.6
199.8
184.2
134.2
135.0
229.4
56.0
187.8
0.0
194.0
94.8
0.0
186.0
0.0
329.8
23.0
290.8
166.0
189.6
187.4
184.8
306.8
193.6
214.6
0.0
343.8
170.2
235.6
225.2
0.0
0.0
0.0
0.0
0.0
0.0
0.0
0.0
0.0
0.0
0.0
0.0
0.0
0.0
0.0
0.0
0.0
0.0
78.6
198.6
256.8
203.6
118.0
899.6
187.6
215.4
110.8
215.0
171.0
180.2
154.8
190.0
50.2
234.6
111.2
144.4
178.6
205.4
112.0
328.4
47.2
0.0
0.0
0.0
0.0
0.0
0.0
0.0
0.0
0.0
0.0
0.0
0.0
0.0
0.0
0.0
0.0
0.0
0.0
0.0
0.0
0.0
0.0
0.0
0.0
242.8
203.0
186.2
145.8
132.0
256.4
159.4
137.4
153.4
222.8
410.0
67.4
0.0
219.8
184.6
126.2
109.0
281.8
169.4
169.2
1689.2
196.0
167.6
176.6
333.6
0.0
200.2
126.4
307.8
0.0
279.4
172.6
104.8
208.6
293.4
442.8
120.6
213.0
186.8
194.6
140.4
200.8
313.6
49.0
0.0
0.0
0.0
0.0
0.0
0.0
0.0
0.0
0.0
0.0
0.0
0.0
162.0
267.2
137.6
122.0
142.0
179.6
123.6
198.4
182.4
221.2
142.0
25.0
325.2
95.4
252.2
426.2
193.8
1824.8
196.2
310.8
231.2
180.2
244.4
228.8
136.2
310.6
133.0
168.0
0.0
154.6
105.2
66.0
177.0
173.0
131.6
232.2
123.0
363.8
145.0
156.0
112.2
1802.6
203.0
324.0
190.2
141.8
116.0
142.6
243.4
0.0
240.4
28.0
0.0
267.4
27.6
97.2
174.0
58.6
106.6
163.8
142.0
330.2
539.4
0.0
334.6
1939.6
132.0
1572.0
184.4
228.6
234.2
209.8
192.4
153.2
404.0
0.0
0.0
0.0
0.0
0.0
0.0
0.0
0.0
0.0
0.0
0.0
244.8
53.2
281.0
141.8
329.2
172.4
366.8
198.0
164.6
172.4
474.6
195.4
115.6
205.4
0.0
197.0
0.0
46.6
127.6
20.6
116.2
127.2
113.4
171.6
0.0
216.2
262.6
233.2
186.6
50.0
168.4
179.6
252.2
179.0
234.2
194.0
122.8
222.6
147.2
0.0
116.4
121.6
126.4
173.4
0.0
256.2
146.0
175.0
123.4
389.2
0.0
123.8
0.0
51.0
214.6
135.2
322.2
1273.4
231.2
204.4
214.8
317.8
203.4
178.8
228.0
162.0
176.2
204.8
211.0
141.8
165.8
135.4
157.6
132.4
439.6
900.4
113.8
24.8
124.2
25.0
162.6
307.0
0.0
190.2
160.8
205.8
125.0
239.0
24.8
279.2
0.0
121.0
149.4
101.2
200.8
311.8
178.0
123.0
159.0
24.6
184.2
30.0
154.4
166.2
107.4
224.0
0.0
0.0
0.0
0.0
0.0
0.0
0.0
0.0
0.0
0.0
0.0
0.0
0.0
0.0
1442.8
196.4
25.2
201.8
0.0
129.2
27.4
122.8
221.4
117.0
275.8
200.0
134.4
164.8
476.6
240.4
0.0
214.4
99.6
119.0
161.2
163.2
94.6
1575.2
252.8
153.4
156.4
158.2
192.0
329.8
144.2
0.0
244.4
220.0
998.8
102.2
203.6
0.0
185.0
1270.0
126.4
115.8
111.0
138.2
142.4
144.2
0.0
181.6
121.6
126.2
169.8
173.6
203.0
204.2
204.6
235.8
329.6
523.2
313.8
115.0
256.0
156.6
125.6
118.6
188.0
143.4
258.0
129.8
321.4
42.0
176.0
122.2
73.6
137.2
143.2
211.0
114.4
347.8
117.4
266.4
72.4
158.8
124.8
275.4
145.8
225.6
119.6
23.0
201.6
0.0
50.2
77.0
52.4
184.4
0.0
145.4
279.6
107.0
341.6
208.0
229.0
298.0
376.8
128.2
999.6
683.2
994.4
52.8
152.8
196.2
175.4
125.8
177.6
106.4
69.6
49.8
0.0
223.8
398.4
220.6
385.0
24.0
75.2
740.0
124.0
348.8
148.4
194.4
99.8
180.0
146.6
184.2
363.6
119.0
200.2
107.0
235.0
144.0
289.8
0.0
173.8
0.0
232.6
199.4
45.6
234.0
259.2
184.2
119.4
381.6
142.0
0.0
247.0
146.2
221.6
0.0
183.4
0.0
234.2
133.6
145.2
271.4
85.6
257.4
0.0
208.0
172.2
262.6
807.8
165.6
48.8
189.0
162.2
171.6
342.6
23.2
285.6
60.4
139.6
143.8
282.2
51.4
232.4
188.0
196.2
186.0
0.0
83.2
193.6
0.0
69.8
96.2
147.6
105.0
159.4
0.0
228.4
157.4
131.8
0.0
145.8
228.6
299.6
478.2
191.6
54.8
518.2
113.6
0.0
106.2
163.2
0.0
122.8
93.4
42.0
234.2
390.2
154.0
150.8
169.2
194.2
277.6
0.0
0.0
0.0
0.0
219.8
0.0
0.0
0.0
0.0
0.0
0.0
0.0
0.0
0.0
0.0
0.0
0.0
0.0
109.8
91.8
249.0
0.0
279.0
0.0
338.4
135.4
1025.8
1037.4
226.6
502.6
129.2
115.4
170.6
146.8
46.8
136.6
117.8
179.0
171.4
103.0
117.4
202.8
283.4
186.0
210.6
122.8
158.0
177.6
127.2
25.8
169.8
59.0
312.4
152.6
236.8
172.8
130.6
286.8
58.4
202.6
0.0
166.8
51.2
0.0
187.2
185.2
237.4
268.6
78.4
201.2
0.0
297.8
30.0
51.0
231.6
0.0
295.8
220.4
173.8
127.8
0.0
248.6
144.4
213.6
203.0
232.0
145.6
0.0
216.2
235.4
172.6
169.4
49.8
0.0
234.4
302.2
256.0
282.4
145.8
162.2
0.0
201.4
223.4
177.2
165.4
0.0
217.6
26.0
281.8
0.0
116.8
201.2
120.2
188.0
0.0
328.8
159.4
211.6
77.4
193.6
76.2
177.2
164.4
0.0
582.6
208.4
276.0
185.6
74.2
0.0
270.6
0.0
256.2
24.6
205.0
61.8
190.8
112.4
162.6
200.8
668.6
1742.8
102.0
0.0
0.0
227.8
127.6
219.2
173.8
336.8
167.8
204.6
110.4
201.6
45.4
254.6
0.0
261.6
0.0
329.6
114.4
963.6
162.6
215.4
237.8
1347.6
534.4
147.4
210.4
203.4
209.6
123.6
21.2
115.6
145.6
281.8
47.2
172.0
168.4
165.4
244.0
162.4
241.2
0.0
90.4
109.2
155.2
170.0
24.2
219.2
0.0
134.2
125.6
179.8
139.6
164.6
254.4
143.4
214.6
24.8
193.4
112.4
275.0
0.0
202.8
0.0
281.4
103.2
74.2
363.4
77.2
174.8
124.8
263.0
50.0
148.2
124.2
208.8
834.8
0.0
232.0
0.0
0.0
0.0
0.0
0.0
0.0
0.0
0.0
0.0
0.0
0.0
788.4
201.8
124.0
199.6
708.6
347.8
229.0
269.0
319.8
240.6
0.0
145.4
157.0
142.2
217.6
158.0
73.4
241.4
154.0
51.0
144.8
155.0
159.2
132.2
828.8
106.2
146.8
122.4
167.6
202.4
256.6
160.0
263.8
126.6
129.2
250.6
59.6
226.8
126.8
335.0
132.8
125.4
26.6
196.2
26.2
161.2
24.8
51.4
844.8
24.8
86.4
222.6
176.0
393.0
100.4
0.0
0.0
123.8
137.0
102.6
220.8
27.8
272.4
26.2
192.2
210.4
118.8
189.6
162.2
340.4
187.0
139.2
112.8
67.8
127.8
197.8
288.2
588.8
0.0
181.8
0.0
0.0
0.0
0.0
0.0
0.0
0.0
0.0
0.0
0.0
0.0
0.0
0.0
0.0
0.0
0.0
0.0
0.0
0.0
0.0
0.0
0.0
0.0
0.0
0.0
0.0
0.0
0.0
0.0
0.0
0.0
0.0
0.0
0.0
0.0
0.0
0.0
0.0
0.0
0.0
0.0
0.0
0.0
0.0
0.0
0.0
0.0
0.0
0.0
0.0
0.0
0.0
0.0
0.0
201.4
98.2
52.0
228.4
339.8
388.8
198.6
254.0
231.4
195.0
259.6
305.8
339.0
545.0
1450.0
0.0
0.0
208.2
235.2
132.6
185.8
253.4
251.6
0.0
166.2
93.4
94.4
196.3333333
23.6
204.2
426.0
241.2
269.2
240.0
942.6
287.4
157.0
880.2
434.6
131.0
1251.0
270.2
1103.2
223.8
153.4
199.4
159.4
163.6
31.0
195.4
127.4
236.4
263.8
292.2
314.0
271.4
237.0
186.0
229.2
252.0
295.0
1150.4
1301.0
0.0
0.0
0.0
0.0
0.0
133.8
330.4
142.6
1600.4
313.4
149.0
224.8
197.2
138.4
174.6
50.2
0.0
252.0
167.6
1509.2
256.6
1460.2
1021.2
233.8
2557.4
302.2
775.0
737.6
314.0
335.4
155.6
334.4
228.2
312.4
583.6
145.4
192.4
280.8
318.8
201.8
303.6
185.0
358.0
904.2
363.0
206.8
267.2
327.4
190.6
135.0
153.0
178.8
51.0
125.0
113.0
195.8
189.6
158.2
190.2
450.2
170.4
246.2
76.4
168.0
174.8
268.2
216.0
380.2
159.2
369.0
0.0
813.4
751.8
867.2
662.0
118.4
820.8
595.2
109.2
177.6
124.4
239.0
276.4
124.6
210.8
232.0
227.2
205.6
284.2
201.2
266.6
154.4
307.3333333
269.2
815.6
1116.8
917.0
736.8
0.0
706.8
847.6
717.8
295.0
113.6
68.2
0.0
307.8
283.4
330.4
222.6
236.4
242.6
160.8
378.4
344.2
156.8
166.0
237.6
862.8
651.2
721.0
832.0
648.8
796.8
732.2
786.8
118.8
116.2
345.8
103.2
0.0
128.8
251.0
132.2
115.8
242.2
303.2
239.0
302.4
1672.2
206.0
1609.0
985.2
664.4
797.8
765.8
673.4
710.6
795.4
803.0
127.4
232.0
204.6
157.2
157.2
52.0
125.6
202.8
197.0
342.8
237.0
168.6
379.0
277.8
209.0
295.6
759.4
1062.8
1049.4
833.0
858.0
994.0
787.2
203.8
192.6
148.4
509.6
148.6
201.8
214.4
146.2
133.6
176.6
128.0
137.4
292.2
200.6
219.2
1988.0
1029.4
1054.0
1126.6
927.6
735.2
803.0
788.0
823.8
154.2
186.0
301.2
1218.6
59.4
129.2
223.8
0.0
0.0
130.4
323.0
252.8
273.6
295.6
211.8
220.6
294.2
0.0
255.2
844.2
1055.6
869.6
835.6
177.0
145.8
196.8
250.2
124.4
354.4
122.4
142.8
116.6
138.0
184.4
198.8
314.0
206.2
284.8
1607.0
232.0
201.6
307.4
346.4
266.2
222.4
280.4
279.8
273.6
163.0
289.6
186.8
207.0
321.4
319.0
153.0
308.0
208.6
204.6
216.8
385.2
325.4
237.2
166.6
326.4
267.0
143.4
238.2
803.2
735.0
913.0
838.6
737.0
0.0
322.0
186.2
224.8
161.8
133.6
206.0
0.0
207.0
132.6
200.0
0.0
127.6
273.6
183.0
189.8
224.2
858.0
837.2
792.6
950.4
853.8
911.0
821.4
0.0
324.8
76.8
192.4
208.8
182.2
197.2
75.8
312.4
350.6
286.6
227.0
230.6
287.6
210.2
177.8
337.6
808.0
1003.2
1208.2
779.0
935.8
912.4
797.6
193.4
106.4
280.4
146.8
0.0
350.6
199.4
158.0
25.4
154.2
212.8
0.0
0.0
278.4
1161.2
0.0
818.4
260.4
1119.6
491.8
952.8
197.6
832.0
1003.0
186.0
190.6
0.0
195.8
308.2
0.0
185.4
93.8
123.4
348.4
186.0
157.4
131.4
119.8
148.2
0.0
1747.0
1019.8
984.0
793.6
940.0
218.4
963.6
1073.0
118.2
214.6
70.6
270.8
124.2
24.0
122.4
110.8
0.0
124.8
120.0
265.8
0.0
0.0
147.2
1021.6
932.6
320.2
942.4
874.0
863.2
826.6
927.0
793.0
184.0
25.2
150.0
137.0
134.4
305.4
553.0
238.4
287.6
100.4
0.0
188.8
238.0
94.0
145.8
0.0
28.2
1121.6
967.4
1031.6
989.2
842.4
867.0
878.6
853.8
666.8
125.8
289.8
98.4
260.0
253.4
199.2
132.8
0.0
160.4
245.6
95.2
130.2
113.4
173.0
260.0
918.8
1005.6
1149.2
866.2
930.8
223.4
23.2
133.6
127.0
294.8
177.4
142.8
76.6
125.2
264.4
0.0
354.4
235.4
239.4
125.6
144.8
312.0
25.2
280.6
876.2
891.8
914.2
843.2
960.6
888.4
936.0
0.0
0.0
1383.8
201.4
223.6
0.0
237.2
306.4
206.4
167.4
180.0
265.6
317.0
410.8
0.0
377.0
436.0
881.8
0.0
870.8
1205.8
0.0
568.6
199.8
216.0
0.0
394.4
253.2
204.6
247.4
247.6
226.6
277.6
199.6
291.2
309.4
228.0
181.8
240.6
620.4
180.4
525.4
548.0
738.0
1544.0
335.2
322.8
74.0
0.0
0.0
969.4
142.2
158.4
113.8
0.0
441.0
209.2
153.6
223.4
177.0
127.6
131.4
266.6
202.8
444.4
317.8
1185.0
900.6
907.6
874.4
1081.8
283.4
172.4
173.8
0.0
148.6
314.8
179.4
0.0
0.0
232.4
262.6
214.6
213.4
150.6
232.2
1299.4
1426.0
1475.0
247.4
263.2
208.4
859.0
882.8
943.0
193.0
207.0
121.4
1653.4
220.4
295.2
141.4
158.4
0.0
0.0
256.6
79.6
270.2
301.0
233.4
214.2
299.6
232.2
2949.6
4470.8
1007.6
849.2
985.2
895.2
332.4
25.6
257.0
126.2
261.0
110.6
336.0
190.0
130.2
217.2
158.4
27.4
192.4
85.2
141.4
200.4
188.8
899.4
827.8
855.0
901.0
958.2
957.2
835.8
131.8
0.0
75.4
1638.0
257.4
279.2
131.0
194.2
134.6
152.6
288.2
244.0
1745.8
505.8
199.0
303.6
245.2
565.4
843.6
819.4
894.6
825.4
962.8
917.2
145.2
158.6
115.6
1399.8
199.0
340.4
133.4
390.2
175.8
187.2
165.0
117.4
132.8
116.6
191.8
251.2
250.0
867.0
802.0
906.8
894.8
2218.2
964.8
914.0
921.2
139.2
167.6
289.6666667
0.0
0.0
0.0
0.0
0.0
0.0
0.0
0.0
0.0
0.0
0.0
0.0
237.8
808.8
877.6
914.6
962.2
897.0
129.6
131.4
184.2
202.4
52.2
194.0
25.6
1170.6
102.4
227.8
253.0
194.0
28.0
199.4
221.4
126.4
201.4
197.2
243.6
172.0
906.0
150.6
24.4
141.0
130.8
36.8
504.0
187.2
238.8
40.0
299.4
0.0
0.0
0.0
0.0
0.0
0.0
0.0
0.0
0.0
0.0
0.0
0.0
0.0
0.0
0.0
0.0
0.0
0.0
0.0
0.0
0.0
104.4
168.4
225.8
128.2
241.2
98.0
85.6
129.4
113.0
242.4
184.4
176.2
173.6
102.4
338.6
2738.6
797.8
794.0
789.4
885.4
888.6
1042.2
912.8
198.0
25.2
189.2
271.0
132.6
248.0
200.0
263.0
126.8
187.2
163.0
219.2
142.6
89.6
0.0
145.4
120.2
718.4
1740.4
708.0
964.2
962.8
1034.8
895.8
273.6
209.4
1511.6
160.4
62.6
127.8
219.4
128.6
0.0
207.2
75.0
124.6
129.4
1163.2
229.8
256.6
103.8
993.6
821.8
886.8
851.2
948.6
130.4
0.0
182.2
267.4
1648.8
229.6
337.0
159.2
65.2
0.0
161.2
225.2
0.0
115.6
277.8
148.8
0.0
143.0
182.2
952.0
891.8
0.0
0.0
150.0
203.8
100.0
0.0
0.0
104.0
193.8
201.8
0.0
152.8
189.4
131.4
0.0
0.0
285.8
141.2
482.0
1032.4
220.0
947.4
920.4
988.8
0.0
201.2
127.8
174.6
189.2
206.4
157.4
181.2
230.6
247.0
197.4
197.4
275.4
198.4
357.2
195.2
166.8
199.0
245.2
309.8
1466.6
1049.6
891.8
2690.0
153.0
970.0
845.6
968.0
1539.6
132.4
0.0
268.8
230.0
307.0
135.6
247.6
174.2
229.8
279.2
231.4
379.0
365.4
299.0
181.2
276.8
899.2
879.6
943.6
41.4
983.2
873.8
836.4
54.4
132.6
260.8
137.8
262.6
0.0
159.8
261.4
354.0
319.6
179.0
190.6
326.6
293.6
389.8
267.8
669.4
1408.8
224.4
893.4
198.4
97.2
144.6
123.6
157.4
132.4
128.6
1465.8
139.2
0.0
130.0
128.0
240.4
220.0
161.8
306.8
299.0
241.6
161.4
343.2
230.0
1016.0
944.8
888.0
0.0
136.6
119.0
196.2
80.8
125.8
69.0
1061.8
184.2
235.0
64.8
175.6
127.0
449.2
385.6
308.2
164.4
394.8
266.6
309.4
20.4
882.2
852.4
833.8
110.8
92.4
79.0
72.6
209.6
130.2
148.0
178.8
185.2
87.2
186.6
131.0
117.8
198.6
190.2
191.2
162.0
158.6
1357.2
299.8
233.8
810.6
936.0
879.8
172.0
839.6
1098.4
958.8
894.4
24.4
80.8
76.6
168.4
172.0
229.4
212.2
367.4
160.6
235.0
152.2
293.6
282.2
192.6
159.4
403.0
852.6
864.4
856.6
0.0
0.0
79.0
173.4
270.0
146.2
129.2
182.0
278.4
200.6
259.2
180.0
207.4
167.4
351.0
398.4
351.2
265.8
235.8
235.4
136.2
930.2
863.8
1579.0
42.2
126.0
118.2
149.0
133.4
129.6
96.4
0.0
172.4
126.6
94.6
180.8
124.4
253.0
191.2
150.6
232.2
230.4
365.6
182.8
49.4
813.0
865.6
892.4
123.2
158.0
52.0
194.6
138.0
240.0
199.0
133.2
49.6
0.0
186.2
0.0
135.4
0.0
66.8
104.6
128.8
262.0
171.0
522.0
0.0
889.2
862.2
810.8
0.0
0.0
108.8
141.8
224.2
193.2
205.8
127.4
308.8
74.6
164.4
24.8
286.2
113.2
0.0
0.0
127.4
70.0
0.0
77.0
166.8
1166.8
867.0
1815.0
130.4
1030.4
921.8
954.2
985.6
132.0
124.8
221.6
0.0
189.0
175.4
255.2
51.4
292.6
223.0
292.0
217.6
177.4
172.8
204.2
451.2
951.8
992.8
794.6
149.4
949.0
796.6
80.2
446.6
25.6
119.8
184.0
0.0
147.2
174.0
210.2
246.2
174.0
235.4
178.4
338.4
221.2
232.6
304.6
1084.4
2117.0
915.6
1103.4
0.0
0.0
0.0
0.0
0.0
0.0
0.0
0.0
0.0
0.0
0.0
0.0
0.0
0.0
0.0
0.0
0.0
0.0
0.0
214.4
123.6
907.0
828.0
854.2
193.4
1091.6
273.8
144.6
1587.0
1597.8
197.6
167.8
275.6
256.8
0.0
74.4
116.6
237.0
260.0
308.0
224.4
281.4
174.4
284.2
214.2
1785.4
190.2
189.6
222.6
118.4
217.4
132.0
209.0
191.2
286.2
75.8
25.2
213.8
295.4
572.8
261.0
246.8
233.0
360.2
319.8
238.0
317.0
280.4
44.8
829.6
839.6
947.4
112.6
142.2
227.2
104.0
211.2
0.0
86.8
0.0
131.6
146.0
0.0
0.0
126.0
55.0
199.4
133.2
178.4
105.0
1507.4
107.8
50.2
173.0
317.0
820.6
0.0
808.8
872.0
1066.6
1686.2
287.8
287.0
1273.8
267.2
1600.0
147.2
206.8
161.0
182.2
125.6
125.4
226.2
249.0
212.8
129.0
127.4
963.8
880.0
895.0
203.8
266.0
896.6
984.2
982.6
385.6
137.6
188.6
223.6
119.2
94.4
152.4
120.4
0.0
200.4
0.0
0.0
134.2
72.4
138.2
262.6
991.4
213.8
204.4
234.4
187.8
0.0
107.2
0.0
113.6
137.4
0.0
75.0
23.8
146.6
160.0
47.2
150.2
193.8
178.2
208.0
76.8
125.4
328.0
1254.8
921.6
880.0
949.4
186.8
115.8
2186.0
1062.8
188.4
226.2
132.8
238.4
198.6
170.2
0.0
306.8
160.8
177.0
142.6
24.8
293.8
185.8
128.4
244.8
0.0
887.0
2102.0
819.6
204.0
171.2
128.2
116.8
167.6
347.4
159.0
134.4
0.0
0.0
0.0
32.6
142.2
200.0
176.8
275.6
251.4
131.0
76.2
53.2
158.4
965.0
959.0
535.4
502.6
191.2
67.6
110.8
162.8
273.2
195.8
198.0
209.6
27.2
145.2
122.8
128.6
0.0
75.2
197.6
170.4
129.2
1196.8
165.2
157.6
888.6
123.6
65.8
27.0
73.6
195.2
161.6
75.4
264.2
126.8
248.2
171.2
130.8
128.0
100.4
104.0
67.4
99.4
240.2
126.6
166.8
164.0
156.0
1351.6
819.4
891.8
0.0
0.0
96.0
220.2
245.2
195.6
216.2
176.0
207.4
125.8
46.6
78.2
193.4
263.8
102.8
124.6
53.2
0.0
271.0
125.6
130.2
1308.2
35.8
84.0
101.4
110.0
131.8
53.8
0.0
196.6
0.0
47.4
122.6
98.8
143.0
27.4
0.0
70.8
118.2
133.0
180.0
132.0
125.0
437.4
186.0
182.0
310.6
606.8
259.2
244.8
212.6
113.0
132.6
54.6
122.6
169.2
0.0
114.0
177.0
150.0
182.8
155.0
123.2
121.2
154.4
288.0
127.4
128.4
104.8
0.0
810.2
895.0
106.0
105.2
91.8
0.0
0.0
0.0
204.0
176.6
199.2
140.8
131.6
118.6
84.4
147.6
185.4
219.8
81.6
23.8
0.0
24.8
50.0
125.6
218.8
948.0
131.8
214.4
0.0
0.0
0.0
172.4
231.0
202.4
170.2
0.0
0.0
0.0
0.0
24.6
170.2
126.2
157.4
200.8
189.6
28.2
0.0
175.4
1931.0
171.8
190.2
199.2
266.6
184.8
206.2
354.5
156.0
174.2
684.2
129.4
127.6
164.6
228.8
257.2
153.8
178.4
196.2
260.6
306.0
275.2
1955.4
1358.8
23.2
178.6
25.0
23.0
125.8
157.6
105.4
0.0
47.0
59.4
118.2
236.8
228.0
224.2
176.2
129.2
127.8
77.0
117.4
101.2
128.8
129.6
119.6
1403.4
0.0
798.0
867.2
28.6
119.4
213.6
85.0
0.0
132.0
199.4
82.8
0.0
183.4
221.2
194.0
201.2
159.6
179.2
198.8
224.4
128.4
179.8
2111.4
0.0
32.4
1113.6
1124.2
171.8
406.0
419.6
374.8
972.4
266.6
82.4
252.2
26.0
74.0
128.6
127.2
180.4
275.4
210.6
143.8
158.0
190.2
129.2
0.0
99.2
308.0
502.6
888.2
292.4
176.6
26.0
0.0
512.8
152.0
78.2
120.2
125.2
128.2
99.6
0.0
0.0
197.0
193.8
177.8
257.6
233.4
182.2
206.0
188.4
823.2
794.6
860.0
194.6
855.4
1064.4
450.6
199.0
102.6
127.2
200.0
109.2
128.4
123.8
0.0
75.4
190.0
254.2
283.8
384.0
250.2
161.8
149.2
2884.8
853.8
789.6
883.0
61.6
125.0
319.4
331.0
120.8
81.6
194.8
50.6
51.0
188.2
128.8
130.4
154.8
259.8
347.8
187.0
295.6
245.4
127.4
230.2
65.0
788.0
983.0
1233.6
1149.2
214.0
177.4
0.0
0.0
0.0
126.6
162.6
129.4
191.8
77.2
0.0
140.0
80.4
198.8
153.2
145.6
119.2
144.8
365.0
197.8
957.2
873.2
1199.2
80.4
21.6
165.8
203.2
141.8
172.0
207.2
189.8
118.0
94.4
126.8
118.6
51.4
159.4
219.8
75.8
0.0
187.4
129.6
1310.0
0.0
896.0
1012.2
1066.0
78.2
0.0
22.6
122.4
144.4
0.0
104.6
119.2
120.0
190.2
129.8
0.0
0.0
340.4
230.6
154.0
223.2
148.8
212.8
216.8
132.0
24.6
267.8
189.0
960.5
837.4
838.8
141.8
168.6
151.0
146.8
135.6
234.2
132.2
0.0
105.2
186.6
133.4
132.0
0.0
146.6
981.0
131.8
59.6
187.0
242.4
126.2
130.2
870.2
799.0
916.4
1070.4
918.4
0.0
233.6
281.6
57.6
69.6
145.2
129.2
79.4
147.6
130.4
193.8
190.0
0.0
475.8
207.2
286.8
228.6
112.2
154.0
881.0
819.6
930.6
1060.4
949.8
0.0
60.4
126.2
0.0
143.0
125.6
123.0
151.0
23.2
282.8
240.0
134.4
176.8
587.0
155.0
25.0
26.0
184.2
114.8
765.4
909.2
1088.6
1204.8
128.4
40.2
227.8
128.2
60.0
125.2
184.8
127.8
239.6
0.0
165.4
254.8
219.8
120.8
210.4
127.6
0.0
1369.4
0.0
123.2
893.8
917.2
1853.8
272.0
236.6
136.0
216.2
245.8
217.2
117.6
130.0
129.2
26.2
204.6
74.8
205.0
120.8
108.0
168.2
234.6
1337.6
1085.0
144.0
271.0
801.8
893.2
976.3333333
131.4
227.8
0.0
191.0
275.4
27.6
273.0
183.0
209.2
120.2
175.6
101.0
268.4
217.4
239.6
263.8
272.8
1336.6
129.6
217.4
142.4
947.0
0.0
0.0
131.6
274.2
458.4
56.6
203.2
274.0
76.6
199.8
192.0