0.0
0.0
0.0
0.0
0.0
0.0
0.0
0.0
0.0
77.0
251.4
288.2
392.2
346.0
313.8
252.0
95.0
65.0
60.0
0.0
0.0
0.0
0.0
0.0
0.0
0.0
0.0
0.0
0.0
0.0
0.0
0.0
0.0
0.0
104.0
202.4
166.0
233.0
132.0
190.4
106.0
58.0
55.0
0.0
0.0
0.0
0.0
0.0
0.0
0.0
0.0
0.0
0.0
0.0
0.0
0.0
0.0
81.0
145.6
0.0
0.0
0.0
0.0
0.0
0.0
0.0
0.0
0.0
0.0
0.0
0.0
0.0
0.0
0.0
0.0
0.0
0.0
0.0
0.0
0.0
0.0
0.0
146.0
225.8
296.6
392.8
0.0
0.0
0.0
0.0
0.0
0.0
0.0
0.0
0.0
0.0
0.0
0.0
0.0
0.0
0.0
0.0
0.0
0.0
0.0
0.0
0.0
0.0
0.0
0.0
276.0
220.0
124.0
68.0
65.0
66.0
0.0
0.0
0.0
0.0
0.0
0.0
0.0
0.0
0.0
0.0
0.0
0.0
0.0
118.0
554.8
511.6
654.8
675.6
468.2
337.2
140.0
65.0
64.0
0.0
0.0
0.0
0.0
0.0
0.0
0.0
0.0
0.0
0.0
0.0
0.0
0.0
0.0
106.0
139.2
484.0
729.8
467.4
438.8
229.2
116.0
62.0
60.0
0.0
0.0
0.0
0.0
0.0
0.0
0.0
0.0
0.0
0.0
0.0
0.0
0.0
0.0
85.0
122.0
236.0
294.4
214.0
118.0
126.0
72.4
60.0
61.0
0.0
0.0
0.0
0.0
0.0
0.0
0.0
0.0
0.0
0.0
0.0
0.0
0.0
0.0
103.0
116.0
116.0
169.4
150.0
227.2
286.4
93.0
58.0
60.0
0.0
0.0
0.0
0.0
0.0
0.0
0.0
0.0
0.0
0.0
0.0
0.0
0.0
0.0
104.0
185.0
277.8
386.8
337.4
162.0
112.0
74.8
60.0
59.0
0.0
0.0
0.0
0.0
0.0
0.0
0.0
0.0
0.0
0.0
0.0
0.0
0.0
0.0
0.0
0.0
0.0
0.0
0.0
0.0
0.0
0.0
0.0
0.0
0.0
0.0
0.0
0.0
0.0
0.0
0.0
0.0
0.0
0.0
0.0
0.0
0.0
0.0
68.0
0.0
0.0
0.0
171.0
257.4
135.6
90.0
60.0
60.0
0.0
0.0
0.0
0.0
0.0
0.0
0.0
0.0
0.0
0.0
0.0
0.0
0.0
0.0
110.0
350.6
255.4
844.4
705.8
244.8
300.8
140.0
67.0
62.0
0.0
0.0
0.0
0.0
0.0
0.0
0.0
0.0
0.0
0.0
0.0
0.0
0.0
0.0
179.0
0.0
624.8
491.2
637.6
339.0
0.0
154.0
0.0
0.0
0.0
0.0
0.0
0.0
0.0
0.0
0.0
0.0
0.0
0.0
0.0
0.0
0.0
0.0
0.0
128.0
278.4
1107.6
758.0
304.0
66.0
102.0
9.0
0.0
0.0
0.0
0.0
0.0
0.0
0.0
0.0
0.0
0.0
0.0
0.0
0.0
0.0
0.0
0.0
156.0
0.0
0.0
0.0
260.0
240.0
34.0
0.0
0.0
0.0
0.0
0.0
0.0
0.0
0.0
0.0
0.0
0.0
0.0
0.0
0.0
0.0
0.0
72.0
549.2
653.2
514.0
436.0
576.0
391.0
92.0
10.0
9.0
0.0
0.0
0.0
0.0
0.0
0.0
0.0
0.0
0.0
0.0
0.0
0.0
0.0
0.0
160.8
796.4
0.0
0.0
0.0
0.0
0.0
84.0
14.0
10.0
0.0
0.0
0.0
0.0
0.0
0.0
0.0
0.0
0.0
0.0
0.0
0.0
0.0
0.0
0.0
62.0
202.4
270.6
248.0
353.6
158.0
83.0
0.0
0.0
0.0
0.0
0.0
0.0
0.0
0.0
0.0
0.0
0.0
0.0
0.0
0.0
0.0
0.0
0.0
0.0
0.0
0.0
0.0
0.0
0.0
0.0
0.0
0.0
0.0
0.0
0.0
0.0
0.0
0.0
0.0
0.0
0.0
0.0
0.0
0.0
0.0
0.0
0.0
0.0
0.0
0.0
0.0
0.0
0.0
0.0
0.0
0.0
0.0
0.0
0.0
0.0
0.0
0.0
0.0
0.0
0.0
0.0
0.0
0.0
0.0
0.0
0.0
0.0
0.0
0.0
0.0
0.0
0.0
0.0
0.0
0.0
0.0
0.0
0.0
0.0
0.0
0.0
0.0
0.0
0.0
0.0
0.0
0.0
0.0
0.0
0.0
0.0
0.0
0.0
0.0
363.6
260.0
122.0
11.0
0.0
0.0
0.0
0.0
0.0
0.0
0.0
0.0
0.0
0.0
0.0
0.0
0.0
0.0
0.0
73.0
178.0
155.0
336.0
574.8
159.2
255.0
140.0
0.0
0.0
0.0
0.0
0.0
0.0
0.0
0.0
0.0
0.0
0.0
0.0
0.0
0.0
0.0
0.0
0.0
87.0
554.6
253.2
537.2
352.6
234.0
148.0
12.0
0.0
0.0
0.0
0.0
0.0
0.0
0.0
0.0
0.0
0.0
0.0
0.0
0.0
0.0
0.0
0.0
159.2
317.2
228.8
308.0
248.0
130.0
52.0
4.8
0.0
0.0
0.0
0.0
0.0
0.0
0.0
0.0
0.0
0.0
0.0
0.0
0.0
0.0
0.0
0.0
135.0
169.0
0.0
0.0
423.6
306.4
138.8
12.0
0.0
0.0
0.0
0.0
0.0
0.0
0.0
0.0
0.0
0.0
0.0
0.0
0.0
0.0
0.0
0.0
136.0
656.0
198.0
364.0
112.0
69.0
104.0
0.0
0.0
0.0
0.0
0.0
0.0
0.0
0.0
0.0
0.0
0.0
0.0
0.0
0.0
0.0
0.0
0.0
74.0
308.2
231.8
488.0
330.2
301.2
72.0
25.0
0.0
0.0
0.0
0.0
0.0
0.0
0.0
0.0
0.0
0.0
0.0
0.0
0.0
0.0
0.0
0.0
437.4
199.0
262.4
529.2
350.0
237.6
205.6
60.0
0.0
0.0
0.0
0.0
0.0
0.0
0.0
0.0
0.0
0.0
0.0
0.0
0.0
0.0
0.0
0.0
0.0
0.0
15.0
29.0
37.0
14.0
0.0
0.0
0.0
0.0
0.0
0.0
0.0
0.0
0.0
0.0
0.0
0.0
0.0
0.0
0.0
0.0
0.0
0.0
38.0
0.0
0.0
0.0
0.0
0.0
0.0
0.0
0.0
0.0
0.0
0.0
0.0
0.0
0.0
0.0
0.0
0.0
0.0
0.0
0.0
0.0
0.0
0.0
130.0
271.6
380.4
660.4
627.4
482.2
141.0
22.0
0.0
0.0
0.0
0.0
0.0
0.0
0.0
0.0
0.0
0.0
0.0
0.0
0.0
0.0
0.0
180.0
372.0
1355.4
489.6
729.2
644.4
638.8
84.0
46.0
10.0
0.0
0.0
0.0
0.0
0.0
0.0
0.0
0.0
0.0
0.0
0.0
0.0
0.0
0.0
0.0
0.0
0.0
0.0
0.0
0.0
0.0
0.0
0.0
0.0
0.0
0.0
0.0
0.0
0.0
0.0
0.0
0.0
0.0
0.0
0.0
0.0
0.0
0.0
394.8
1430.8
329.6
255.6
473.6
472.8
406.6
314.0
28.0
9.0
0.0
0.0
0.0
0.0
0.0
0.0
0.0
0.0
0.0
0.0
0.0
0.0
0.0
0.0
0.0
241.6
441.6
621.2
591.8
425.8
266.6
302.8
70.0
10.0
0.0
0.0
0.0
0.0
0.0
0.0
0.0
0.0
0.0
0.0
0.0
0.0
0.0
0.0
851.2
0.0
1736.6
1431.2
840.0
453.6
238.0
191.6
47.0
10.0
0.0
0.0
0.0
0.0
0.0
0.0
0.0
0.0
0.0
0.0
0.0
0.0
0.0
0.0
82.0
299.2
1113.0
517.4
586.0
552.4
357.6
179.4
76.0
10.0
0.0
0.0
0.0
0.0
0.0
0.0
0.0
0.0
0.0
0.0
0.0
0.0
0.0
0.0
0.0
178.0
284.2
284.0
397.0
352.6
305.0
243.6
30.0
0.0
0.0
0.0
0.0
0.0
0.0
0.0
0.0
0.0
0.0
0.0
0.0
0.0
0.0
0.0
247.0
217.6
336.8
357.6
418.2
254.0
216.0
88.0
28.0
0.0
0.0
0.0
0.0
0.0
0.0
0.0
0.0
0.0
0.0
0.0
0.0
0.0
0.0
0.0
95.0
252.4
462.6
687.6
670.4
633.4
212.0
205.6
89.0
10.0
0.0
0.0
0.0
0.0
0.0
0.0
0.0
0.0
0.0
0.0
0.0
0.0
0.0
0.0
90.0
194.0
306.2
474.8
404.0
376.0
307.6
164.6
43.0
0.0
0.0
0.0
0.0
0.0
0.0
0.0
0.0
0.0
0.0
0.0
0.0
0.0
0.0
0.0
255.2
695.2
1097.2
1512.0
927.2
358.4
244.0
161.6
69.2
10.0
0.0
0.0
0.0
0.0
0.0
0.0
0.0
0.0
0.0
0.0
0.0
0.0
0.0
142.2
962.0
1934.4
1620.4
1371.0
971.0
430.8
313.0
180.0
128.8
10.0
0.0
0.0
0.0
0.0
0.0
0.0
0.0
0.0
0.0
0.0
0.0
0.0
0.0
115.8
322.0
481.2
1450.4
1548.4
997.8
430.8
311.0
320.0
110.8
10.0
0.0
0.0
0.0
0.0
0.0
0.0
0.0
0.0
0.0
0.0
0.0
0.0
0.0
0.0
204.0
469.2
862.8
907.2
1041.6
490.6
321.0
224.0
107.0
10.0
0.0
0.0
0.0
0.0
0.0
0.0
0.0
0.0
0.0
0.0
0.0
0.0
0.0
0.0
70.0
140.0
203.0
266.0
373.2
249.2
151.0
198.0
50.0
3.0
0.0
0.0
0.0
0.0
0.0
0.0
0.0
0.0
0.0
0.0
0.0
0.0
0.0
0.0
100.0
341.6
364.8
498.8
530.0
326.0
296.4
187.2
82.0
10.0
0.0
0.0
0.0
0.0
0.0
0.0
0.0
0.0
0.0
0.0
0.0
0.0
0.0
0.0
139.0
286.0
465.6
646.8
722.8
507.2
456.0
0.0
72.0
10.0
0.0
0.0
0.0
0.0
0.0
0.0
0.0
0.0
0.0
0.0
0.0
0.0
0.0
0.0
190.2
1196.8
1042.0
1293.2
862.4
513.4
488.8
242.8
64.0
10.0
0.0
0.0
0.0
0.0
0.0
0.0
0.0
0.0
0.0
0.0
0.0
0.0
0.0
85.0
246.4
201.2
780.8
349.6
554.8
499.6
465.2
0.0
156.0
11.0
0.0
0.0
0.0
0.0
0.0
0.0
0.0
0.0
0.0
0.0
0.0
0.0
0.0
0.0
244.8
1406.4
1238.4
1502.4
1945.6
606.0
0.0
0.0
0.0
0.0
0.0
0.0
0.0
0.0
0.0
0.0
0.0
0.0
0.0
0.0
0.0
0.0
0.0
0.0
70.0
112.0
208.0
223.0
287.0
350.6
379.2
388.6
140.2
10.0
0.0
0.0
0.0
0.0
0.0
0.0
0.0
0.0
0.0
0.0
0.0
0.0
0.0
138.0
301.2
1639.2
635.6
378.2
707.4
853.0
465.0
478.8
195.0
22.0
0.0
0.0
0.0
0.0
0.0
0.0
0.0
0.0
0.0
0.0
0.0
0.0
0.0
0.0
387.2
953.6
1620.8
2202.0
1509.8
603.0
424.8
306.0
112.0
20.0
0.0
0.0
0.0
0.0
0.0
0.0
0.0
0.0
0.0
0.0
0.0
0.0
0.0
0.0
261.6
640.6
1369.4
1386.4
794.4
845.2
416.0
386.0
196.2
12.0
0.0
0.0
0.0
0.0
0.0
0.0
0.0
0.0
0.0
0.0
0.0
0.0
0.0
67.0
159.0
488.6
726.2
1104.8
619.6
298.8
337.4
143.8
95.8
11.0
0.0
0.0
0.0
0.0
0.0
0.0
0.0
0.0
0.0
0.0
0.0
0.0
0.0
85.2
365.4
1061.4
1982.4
2189.2
1397.2
0.0
0.0
462.6
217.0
36.0
0.0
0.0
0.0
0.0
0.0
0.0
0.0
0.0
0.0
0.0
0.0
0.0
0.0
0.0
218.2
129.0
201.4
155.0
561.0
605.6
664.0
335.2
198.8
10.0
0.0
0.0
0.0
0.0
0.0
0.0
0.0
0.0
0.0
0.0
0.0
0.0
0.0
360.0
444.0
2543.6
1204.4
1071.2
1067.0
474.6
600.6
463.6
206.4
20.0
0.0
0.0
0.0
0.0
0.0
0.0
0.0
0.0
0.0
0.0
0.0
0.0
0.0
0.0
566.4
962.8
2115.4
2220.6
1364.0
935.4
496.0
628.8
316.8
19.0
0.0
0.0
0.0
0.0
0.0
0.0
0.0
0.0
0.0
0.0
0.0
0.0
0.0
1546.6
2215.8
2400.8
1335.6
989.8
469.2
566.0
379.6
715.0
200.6
28.0
0.0
0.0
0.0
0.0
0.0
0.0
0.0
0.0
0.0
0.0
0.0
0.0
0.0
331.6
743.6
1396.0
961.6
998.2
815.0
760.4
519.2
426.4
245.2
25.0
0.0
0.0
0.0
0.0
0.0
0.0
0.0
0.0
0.0
0.0
0.0
0.0
0.0
1273.2
958.0
792.8
744.0
292.0
272.4
0.0
0.0
309.0
220.0
20.0
0.0
0.0
0.0
0.0
0.0
0.0
0.0
0.0
0.0
0.0
0.0
0.0
0.0
952.4
1751.6
1842.0
1236.4
1535.8
1186.8
1154.4
547.4
0.0
0.0
0.0
0.0
0.0
0.0
0.0
0.0
0.0
0.0
0.0
0.0
0.0
0.0
0.0
0.0
0.0
0.0
0.0
0.0
0.0
0.0
0.0
0.0
0.0
0.0
0.0
0.0
0.0
0.0
0.0
0.0
0.0
0.0
0.0
0.0
0.0
0.0
0.0
0.0
0.0
0.0
0.0
0.0
0.0
0.0
0.0
0.0
0.0
0.0
0.0
0.0
0.0
0.0
0.0
0.0
0.0
0.0
0.0
0.0
0.0
0.0
0.0
0.0
218.8
558.4
509.8
1424.2
0.0
0.0
191.6
320.6
228.0
176.0
11.0
0.0
0.0
0.0
0.0
0.0
0.0
0.0
0.0
0.0
0.0
0.0
0.0
84.0
871.2
2193.6
982.0
1340.8
2309.0
1583.6
800.6
301.2
238.2
168.0
71.6
0.0
0.0
0.0
0.0
0.0
0.0
0.0
0.0
0.0
0.0
0.0
0.0
72.0
1386.6
2463.6
2697.2
2581.6
0.0
0.0
0.0
0.0
0.0
172.0
74.0
0.0
0.0
0.0
0.0
0.0
0.0
0.0
0.0
0.0
0.0
0.0
0.0
0.0
148.0
156.0
610.0
836.0
1618.4
1427.0
956.0
570.4
514.4
215.2
69.0
0.0
0.0
0.0
0.0
0.0
0.0
0.0
0.0
0.0
0.0
0.0
0.0
0.0
108.4
570.4
574.8
446.2
475.6
633.2
388.0
246.0
274.8
64.0
91.6
0.0
0.0
0.0
0.0
0.0
0.0
0.0
0.0
0.0
0.0
0.0
0.0
0.0
92.0
547.25
0.0
1060.0
817.0
824.2
553.8
357.2
102.0
100.0
39.0
0.0
0.0
0.0
0.0
0.0
0.0
0.0
0.0
0.0
0.0
0.0
0.0
139.8
1249.666667
1542.6
2204.4
2387.8
1349.0
1302.8
0.0
852.6
491.8
208.2
67.0
0.0
0.0
0.0
0.0
0.0
0.0
0.0
0.0
0.0
0.0
0.0
0.0
67.6
1010.0
2227.2
2628.8
2089.8
2053.8
1662.8
963.2
460.4
311.6
195.0
100.0
0.0
0.0
0.0
0.0
0.0
0.0
0.0
0.0
0.0
0.0
0.0
0.0
201.6
1137.8
2397.4
2610.2
2455.6
2142.6
1608.0
936.8
350.8
298.0
213.6
72.0
0.0
0.0
0.0
0.0
0.0
0.0
0.0
0.0
0.0
0.0
0.0
0.0
219.2
1446.0
2288.2
2492.4
2407.8
2212.4
1665.8
964.0
416.6
334.0
217.4
94.0
0.0
0.0
0.0
0.0
0.0
0.0
0.0
0.0
0.0
0.0
0.0
0.0
314.2
541.4
1811.6
2150.4
980.8
2302.2
1721.6
985.4
364.0
303.0
226.2
107.0
0.0
0.0
0.0
0.0
0.0
0.0
0.0
0.0
0.0
0.0
0.0
0.0
0.0
232.0
393.2
0.0
178.0
593.4
511.8
455.0
575.4
360.4
232.0
106.2
0.0
0.0
0.0
0.0
0.0
0.0
0.0
0.0
0.0
0.0
0.0
0.0
0.0
82.0
236.0
303.6
691.0
915.2
719.2
517.2
539.0
442.2
149.6
49.0
0.0
0.0
0.0
0.0
0.0
0.0
0.0
0.0
0.0
0.0
0.0
0.0
401.4
1565.6
2437.6
2811.8
2739.4
2412.4
1700.8
1046.8
501.0
663.6
0.0
105.6
0.0
0.0
0.0
0.0
0.0
0.0
0.0
0.0
0.0
0.0
0.0
0.0
0.0
211.6
649.4
724.4
1655.6
2083.6
1644.8
1014.0
679.2
322.0
265.6
102.0
0.0
0.0
0.0
0.0
0.0
0.0
0.0
0.0
0.0
0.0
0.0
0.0
480.6
1896.6
2596.4
2698.8
2646.0
2423.6
1708.2
1176.2
642.4
575.6
383.6
142.2
0.0
0.0
0.0
0.0
0.0
0.0
0.0
0.0
0.0
0.0
0.0
0.0
0.0
137.0
338.4
563.6
437.8
343.0
513.8
702.4
415.6
567.2
266.0
120.2
0.0
0.0
0.0
0.0
0.0
0.0
0.0
0.0
0.0
0.0
0.0
0.0
0.0
784.4
464.0
775.0
942.2
707.8
279.0
533.0
184.8
606.0
142.0
30.0
0.0
0.0
0.0
0.0
0.0
0.0
0.0
0.0
0.0
0.0
0.0
0.0
549.0
999.8
2569.4
3142.4
2766.6
2885.4
1417.6
956.0
833.2
461.8
225.6
70.4
0.0
0.0
0.0
0.0
0.0
0.0
0.0
0.0
0.0
0.0
0.0
0.0
0.0
106.4
551.0
566.8
626.6
468.2
523.8
606.0
368.2
381.6
128.0
0.0
0.0
0.0
0.0
0.0
0.0
0.0
0.0
0.0
0.0
0.0
0.0
0.0
240.6
1965.2
988.4
3410.8
2556.6
2760.2
1688.4
992.8
345.2
651.4
246.4
162.0
0.0
0.0
0.0
0.0
0.0
0.0
0.0
0.0
0.0
0.0
0.0
0.0
128.0
245.8
628.2
3413.2
1197.2
2681.6
714.4
1351.6
468.4
331.2
508.0
223.2
0.0
0.0
0.0
0.0
0.0
0.0
0.0
0.0
0.0
0.0
0.0
0.0
0.0
563.2
389.4
511.2
0.0
2576.0
1162.2
0.0
1028.0
489.6
198.0
118.8
0.0
0.0
0.0
0.0
0.0
0.0
0.0
0.0
0.0
0.0
0.0
0.0
84.4
185.8
285.6
837.6
1395.6
1248.8
2794.8
250.8
719.8
546.8
366.4
100.4
0.0
0.0
0.0
0.0
0.0
0.0
0.0
0.0
0.0
0.0
0.0
0.0
354.8
1139.6
1025.6
988.0
1254.4
934.2
1455.4
911.8
587.6
351.6
272.4
118.4
0.0
0.0
0.0
0.0
0.0
0.0
0.0
0.0
0.0
0.0
0.0
0.0
196.0
383.6
659.8
2615.2
1980.4
2097.4
2640.6
1057.0
831.6
310.8
246.4
311.6
0.0
0.0
0.0
0.0
0.0
0.0
0.0
0.0
0.0
0.0
0.0
0.0
1870.4
2842.8
3180.8
846.8
3635.2
1857.2
2049.2
1781.0
1055.2
521.6
378.4
172.4
0.0
0.0
0.0
0.0
0.0
0.0
0.0
0.0
0.0
0.0
0.0
0.0
286.0
631.8
741.2
3036.2
1624.0
993.8
2509.2
1546.6
735.8
453.0
330.2
157.2
0.0
0.0
0.0
0.0
0.0
0.0
0.0
0.0
0.0
0.0
0.0
72.0
2036.4
1796.0
3135.4
3255.4
2814.8
2604.8
2028.4
1482.8
993.4
487.6
334.8
152.8
0.0
0.0
0.0
0.0
0.0
0.0
0.0
0.0
0.0
0.0
0.0
0.0
100.0
249.0
343.2
513.0
947.8
2746.6
2096.4
1374.4
572.0
288.0
225.2
155.2
0.0
0.0
0.0
0.0
0.0
0.0
0.0
0.0
0.0
0.0
0.0
0.0
0.0
2004.6
3054.4
3194.4
2638.6
2513.2
1886.8
1423.0
675.2
359.2
369.4
183.4
0.0
0.0
0.0
0.0
0.0
0.0
0.0
0.0
0.0
0.0
0.0
123.0
1532.4
2556.8
3000.0
3106.8
2907.4
2655.2
2049.4
1386.8
598.8
299.4
246.0
170.0
0.0
0.0
0.0
0.0
0.0
0.0
0.0
0.0
0.0
0.0
0.0
0.0
0.0
0.0
0.0
0.0
0.0
0.0
0.0
0.0
0.0
0.0
0.0
223.4
0.0
0.0
0.0
0.0
0.0
0.0
0.0
0.0
0.0
0.0
0.0
202.0
1555.2
2233.2
2979.6
2931.4
2969.0
2580.6
2208.6
1482.4
821.8
529.0
276.2
233.8
0.0
0.0
0.0
0.0
0.0
0.0
0.0
0.0
0.0
0.0
0.0
0.0
113.6
461.6
917.8
1992.0
2300.8
2122.0
2070.2
1539.8
768.2
924.2
507.0
236.4
0.0
0.0
0.0
0.0
0.0
0.0
0.0
0.0
0.0
0.0
0.0
238.4
1644.8
2770.4
471.0
1442.0
3072.4
2668.6
2446.8
1534.8
965.2
892.0
699.2
285.0
103.4
0.0
0.0
0.0
0.0
0.0
0.0
0.0
0.0
0.0
0.0
348.0
2196.4
2920.2
3192.0
3191.6
3052.8
2677.6
2123.0
1364.8
612.8
254.0
220.0
187.2
0.0
0.0
0.0
0.0
0.0
0.0
0.0
0.0
0.0
0.0
0.0
196.6
1883.8
2695.8
3046.0
3128.4
2946.2
2589.0
2126.8
1508.2
770.8
546.0
389.0
193.0
78.0
0.0
0.0
0.0
0.0
0.0
0.0
0.0
0.0
0.0
0.0
341.6
1955.2
3177.4
3011.2
3664.0
3518.0
2611.4
1214.6
1054.6
759.0
456.0
391.4
328.6
66.8
0.0
0.0
0.0
0.0
0.0
0.0
0.0
0.0
0.0
0.0
567.2
2255.8
3062.6
3278.4
3105.6
1844.0
3464.4
1175.2
2028.8
889.4
388.0
251.2
178.4
74.0
0.0
0.0
0.0
0.0
0.0
0.0
0.0
0.0
0.0
0.0
774.6
2420.2
3137.2
3346.4
3339.8
2792.4
2853.2
2103.6
1489.4
690.4
261.4
241.0
186.0
72.8
0.0
0.0
0.0
0.0
0.0
0.0
0.0
0.0
0.0
0.0
891.8
2454.2
3066.0
3329.0
3403.8
3200.0
2817.0
2272.0
1510.2
717.2
276.4
288.6
210.4
88.0
0.0
0.0
0.0
0.0
0.0
0.0
0.0
0.0
0.0
0.0
1220.6
2590.6
3147.0
3387.6
3352.0
3129.2
2701.2
2241.0
1519.6
713.2
256.0
227.0
182.0
78.0
0.0
0.0
0.0
0.0
0.0
0.0
0.0
0.0
0.0
0.0
98.0
342.0
899.6
3719.2
2214.8
434.2
731.0
1752.0
2088.0
1528.8
895.8
488.0
179.6
99.0
0.0
0.0
0.0
0.0
0.0
0.0
0.0
0.0
0.0
0.0
298.4
2265.8
3036.8
3281.2
3320.8
3142.0
2808.6
2248.0
1546.8
771.8
305.2
256.0
192.0
87.0
0.0
0.0
0.0
0.0
0.0
0.0
0.0
0.0
0.0
0.0
1003.8
2318.8
3018.4
3306.0
3387.6
3169.0
2830.0
2295.2
1555.0
766.4
267.0
266.0
215.8
82.0
0.0
0.0
0.0
0.0
0.0
0.0
0.0
0.0
0.0
0.0
184.0
584.4
1177.4
1342.0
1402.2
1573.6
726.4
1892.4
1560.8
633.0
183.0
584.0
150.8
0.0
0.0
0.0
0.0
0.0
0.0
0.0
0.0
0.0
0.0
0.0
100.8
524.2
592.6
519.2
2787.6
3036.0
2331.6
1751.6
1666.8
1055.2
625.8
428.8
208.4
124.6
0.0
0.0
0.0
0.0
0.0
0.0
0.0
0.0
0.0
0.0
196.4
338.4
593.0
278.4
417.8
642.6
511.4
708.8
364.2
176.4
282.4
184.0
232.0
0.0
0.0
0.0
0.0
0.0
0.0
0.0
0.0
0.0
0.0
0.0
0.0
266.4
685.2
2844.8
2535.0
3124.4
3102.0
2559.6
1934.2
1070.0
468.4
337.4
284.2
98.8
0.0
0.0
0.0
0.0
0.0
0.0
0.0
0.0
0.0
0.0
1196.8
2628.2
3323.4
3499.25
3104.4
3389.6
0.0
0.0
0.0
0.0
0.0
0.0
0.0
0.0
0.0
0.0
0.0
0.0
0.0
0.0
0.0
0.0
0.0
0.0
0.0
2600.4
3302.8
3705.4
2126.6
2142.0
464.0
259.4
1142.0
1108.4
182.8
156.8
122.4
0.0
0.0
0.0
0.0
0.0
0.0
0.0
0.0
0.0
0.0
0.0
158.8
460.4
1019.6
1055.6
2067.2
2560.8
2474.8
2386.8
1144.8
1384.8
852.0
380.0
300.4
121.0
0.0
0.0
0.0
0.0
0.0
0.0
0.0
0.0
0.0
0.0
1535.4
1528.0
3244.0
3455.8
3491.8
3549.0
3114.0
2294.4
1543.6
1059.2
808.6
579.8
336.0
108.0
0.0
0.0
0.0
0.0
0.0
0.0
0.0
0.0
0.0
0.0
106.0
307.2
791.8
1613.2
1366.2
1011.0
840.8
766.2
337.0
291.6
523.6
224.0
68.8
76.0
0.0
0.0
0.0
0.0
0.0
0.0
0.0
0.0
0.0
0.0
1109.6
269.6
2108.0
2474.8
2434.8
1377.8
3222.2
2683.6
1922.4
891.8
944.6
433.2
375.2
148.0
0.0
0.0
0.0
0.0
0.0
0.0
0.0
0.0
0.0
0.0
551.6
235.0
522.6
638.0
1136.4
1237.6
1263.4
1275.2
1394.4
756.0
495.2
359.2
276.8
274.2
0.0
0.0
0.0
0.0
0.0
0.0
0.0
0.0
0.0
0.0
579.2
416.0
935.6
2065.0
1508.0
2728.8
2919.0
2138.4
2111.6
1453.6
767.8
399.8
197.6
0.0
0.0
0.0
0.0
0.0
0.0
0.0
0.0
0.0
0.0
0.0
1700.2
2865.6
578.6
2515.0
3756.4
1662.0
1597.4
1685.0
1067.2
1531.2
708.0
586.4
326.4
114.0
0.0
0.0
0.0
0.0
0.0
0.0
0.0
0.0
0.0
0.0
309.2
1113.8
1755.0
1882.8
3717.4
2278.4
2477.4
1767.2
1457.2
900.0
917.0
664.0
299.6
135.2
0.0
0.0
0.0
0.0
0.0
0.0
0.0
0.0
0.0
0.0
308.8
356.0
971.0
1592.8
1396.8
973.0
1751.0
1856.8
549.4
1077.8
511.6
303.6
373.2
107.4
0.0
0.0
0.0
0.0
0.0
0.0
0.0
0.0
0.0
0.0
762.2
2560.4
2193.4
1243.4
3190.2
3573.4
3464.4
1523.6
2003.2
1041.4
363.0
250.0
238.4
106.0
0.0
0.0
0.0
0.0
0.0
0.0
0.0
0.0
0.0
0.0
1106.4
1182.0
2664.2
2482.0
2890.0
3231.8
2604.0
1770.0
1737.6
1358.2
511.4
505.6
259.0
234.8
0.0
0.0
0.0
0.0
0.0
0.0
0.0
0.0
0.0
0.0
665.2
785.0
2313.6
2215.4
2402.8
2504.6
2666.4
2350.8
1827.0
1337.6
357.2
493.6
187.6
0.0
0.0
0.0
0.0
0.0
0.0
0.0
0.0
0.0
0.0
0.0
2035.4
2919.6
3383.8
3637.2
3517.4
3171.0
3066.4
2506.8
1816.8
1025.25
506.2
443.6
336.0
219.2
0.0
0.0
0.0
0.0
0.0
0.0
0.0
0.0
0.0
0.0
1730.0
715.8
664.6
3004.4
3734.8
3549.4
3077.0
2510.8
1870.0
841.6
603.8
842.8
473.2
238.8
0.0
0.0
0.0
0.0
0.0
0.0
0.0
0.0
0.0
0.0
946.0
1877.2
3638.4
3645.0
3648.0
3421.8
3109.4
2613.2
1864.8
1083.2
399.0
256.6
211.6
157.6
0.0
0.0
0.0
0.0
0.0
0.0
0.0
0.0
0.0
0.0
1279.4
2104.8
3109.2
3479.8
1934.0
2746.0
1904.0
923.2
932.8
682.8
160.4
264.2
338.6
117.0
0.0
0.0
0.0
0.0
0.0
0.0
0.0
0.0
0.0
0.0
1978.6
2883.6
3403.0
3739.0
3728.0
3489.4
1952.8
2027.0
1350.0
1206.8
840.0
788.2
522.0
222.0
0.0
0.0
0.0
0.0
0.0
0.0
0.0
0.0
0.0
0.0
355.4
755.6
1810.6
3580.2
3420.4
1764.4
3089.4
2343.0
1855.2
997.2
448.6
608.4
260.0
177.6
0.0
0.0
0.0
0.0
0.0
0.0
0.0
0.0
0.0
0.0
175.6
642.2
864.0
2236.4
3710.4
3686.4
3491.0
2764.4
2186.6
1172.8
922.8
784.4
455.4
350.0
0.0
0.0
0.0
0.0
0.0
0.0
0.0
0.0
0.0
0.0
291.0
296.0
1408.8
651.2
1249.8
1755.6
3337.4
1640.8
1309.2
836.0
671.0
347.2
326.0
103.6
0.0
0.0
0.0
0.0
0.0
0.0
0.0
0.0
0.0
0.0
1649.4
2730.0
3369.2
2982.8
3163.6
2168.0
3688.8
2876.8
1365.8
1089.6
1034.0
417.4
419.4
189.6
0.0
0.0
0.0
0.0
0.0
0.0
0.0
0.0
0.0
0.0
556.0
2007.6
3140.4
3479.6
3511.8
3720.8
1558.4
1537.2
1151.2
1293.6
942.0
508.8
410.2
220.0
0.0
0.0
0.0
0.0
0.0
0.0
0.0
0.0
0.0
0.0
260.2
527.4
833.2
1126.6
1910.0
1556.8
1319.6
2217.8
1455.4
836.8
680.0
342.8
283.2
198.0
0.0
0.0
0.0
0.0
0.0
0.0
0.0
0.0
0.0
0.0
226.0
669.0
895.4
2003.0
1308.8
3110.4
1493.6
1630.4
1406.8
1303.8
913.4
821.2
329.0
198.0
0.0
0.0
0.0
0.0
0.0
0.0
0.0
0.0
0.0
0.0
220.0
2427.2
381.2
1161.2
774.0
2103.2
1615.0
912.2
869.2
760.0
486.2
359.2
405.2
216.8
0.0
0.0
0.0
0.0
0.0
0.0
0.0
0.0
0.0
0.0
76.0
358.0
519.0
1732.0
341.6
1316.4
1862.6
2182.4
928.0
1049.0
934.8
549.2
285.6
94.4
0.0
0.0
0.0
0.0
0.0
0.0
0.0
0.0
0.0
0.0
246.4
976.4
832.4
1462.8
2557.4
740.8
668.8
1639.2
768.0
923.6
923.8
598.8
367.0
182.0
0.0
0.0
0.0
0.0
0.0
0.0
0.0
0.0
0.0
0.0
376.0
1913.2
2239.4
902.8
1734.2
2051.2
2357.6
1553.0
1514.8
142.0
232.0
722.8
611.6
150.8
0.0
0.0
0.0
0.0
0.0
0.0
0.0
0.0
0.0
0.0
436.8
2384.0
2689.8
1197.4
2380.0
3158.8
603.0
1940.2
2031.4
1285.2
621.4
647.2
309.6
206.6
82.0
0.0
0.0
0.0
0.0
0.0
0.0
0.0
0.0
0.0
423.4
1318.2
1567.6
1457.2
2658.8
669.2
3346.4
2790.6
2228.5
299.6
1210.8
345.8
396.8
208.4
0.0
0.0
0.0
0.0
0.0
0.0
0.0
0.0
0.0
0.0
1279.2
2727.6
2690.4
1765.8
2385.2
2744.0
2202.2
2126.0
1724.4
1677.6
883.6
761.6
540.2
215.6
0.0
0.0
0.0
0.0