0.0
0.0
0.0
0.0
0.0
0.0
0.0
0.0
0.0
0.0
189.4
227.4
325.2
281.0
251.0
191.4
40.0
4.0
4.0
0.0
0.0
0.0
0.0
0.0
0.0
0.0
0.0
0.0
0.0
0.0
0.0
0.0
0.0
0.0
49.0
153.8
114.4
186.0
80.0
142.4
55.0
5.0
4.0
0.0
0.0
0.0
0.0
0.0
0.0
0.0
0.0
0.0
0.0
0.0
0.0
0.0
0.0
0.0
92.0
0.0
0.0
0.0
0.0
0.0
0.0
0.0
0.0
0.0
0.0
0.0
0.0
0.0
0.0
0.0
0.0
0.0
0.0
0.0
0.0
0.0
0.0
0.0
92.0
172.4
234.8
322.4
0.0
0.0
0.0
0.0
0.0
0.0
0.0
0.0
0.0
0.0
0.0
0.0
0.0
0.0
0.0
0.0
0.0
0.0
0.0
0.0
0.0
0.0
0.0
0.0
212.0
157.8
62.0
10.0
10.0
0.0
0.0
0.0
0.0
0.0
0.0
0.0
0.0
0.0
0.0
0.0
0.0
0.0
0.0
0.0
490.0
443.0
580.6
602.0
402.0
269.0
78.0
10.0
6.0
0.0
0.0
0.0
0.0
0.0
0.0
0.0
0.0
0.0
0.0
0.0
0.0
0.0
0.0
0.0
81.2
462.2
746.4
445.2
409.8
171.2
61.0
10.0
8.0
0.0
0.0
0.0
0.0
0.0
0.0
0.0
0.0
0.0
0.0
0.0
0.0
0.0
0.0
0.0
66.0
173.4
230.4
154.0
60.0
70.8
20.0
5.0
3.0
0.0
0.0
0.0
0.0
0.0
0.0
0.0
0.0
0.0
0.0
0.0
0.0
0.0
0.0
0.0
60.0
62.0
110.8
94.0
176.2
240.6
38.0
2.0
3.0
0.0
0.0
0.0
0.0
0.0
0.0
0.0
0.0
0.0
0.0
0.0
0.0
0.0
0.0
0.0
129.8
214.2
319.8
270.8
98.0
51.0
20.0
0.0
1.0
0.0
0.0
0.0
0.0
0.0
0.0
0.0
0.0
0.0
0.0
0.0
0.0
0.0
0.0
0.0
0.0
0.0
0.0
0.0
0.0
0.0
0.0
0.0
0.0
0.0
0.0
0.0
0.0
0.0
0.0
0.0
0.0
0.0
0.0
0.0
0.0
0.0
0.0
0.0
0.0
0.0
0.0
110.0
195.2
79.6
33.0
4.0
1.0
0.0
0.0
0.0
0.0
0.0
0.0
0.0
0.0
0.0
0.0
0.0
0.0
0.0
0.0
0.0
295.8
192.6
769.4
635.6
171.2
230.2
74.4
4.0
3.0
0.0
0.0
0.0
0.0
0.0
0.0
0.0
0.0
0.0
0.0
0.0
0.0
0.0
0.0
123.0
0.0
549.6
419.2
564.8
272.4
0.0
126.0
0.0
0.0
0.0
0.0
0.0
0.0
0.0
0.0
0.0
0.0
0.0
0.0
0.0
0.0
0.0
0.0
0.0
114.2
256.8
1084.4
732.8
280.8
46.8
82.0
0.0
0.0
0.0
0.0
0.0
0.0
0.0
0.0
0.0
0.0
0.0
0.0
0.0
0.0
0.0
0.0
0.0
142.0
0.0
0.0
0.0
241.0
221.2
20.0
0.0
0.0
0.0
0.0
0.0
0.0
0.0
0.0
0.0
0.0
0.0
0.0
0.0
0.0
0.0
0.0
66.0
521.4
624.8
493.2
416.6
546.0
368.0
72.0
0.0
0.0
0.0
0.0
0.0
0.0
0.0
0.0
0.0
0.0
0.0
0.0
0.0
0.0
0.0
0.0
150.0
754.8
0.0
0.0
0.0
0.0
0.0
62.0
0.0
0.0
0.0
0.0
0.0
0.0
0.0
0.0
0.0
0.0
0.0
0.0
0.0
0.0
0.0
0.0
0.0
51.0
182.0
250.8
228.0
330.0
136.8
68.0
0.0
0.0
0.0
0.0
0.0
0.0
0.0
0.0
0.0
0.0
0.0
0.0
0.0
0.0
0.0
0.0
0.0
0.0
0.0
0.0
0.0
0.0
0.0
0.0
0.0
0.0
0.0
0.0
0.0
0.0
0.0
0.0
0.0
0.0
0.0
0.0
0.0
0.0
0.0
0.0
0.0
0.0
0.0
0.0
0.0
0.0
0.0
0.0
0.0
0.0
0.0
0.0
0.0
0.0
0.0
0.0
0.0
0.0
0.0
0.0
0.0
0.0
0.0
0.0
0.0
0.0
0.0
0.0
0.0
0.0
0.0
0.0
0.0
0.0
0.0
0.0
0.0
0.0
0.0
0.0
0.0
0.0
0.0
0.0
0.0
0.0
0.0
0.0
0.0
0.0
0.0
0.0
0.0
342.0
232.0
100.0
0.0
0.0
0.0
0.0
0.0
0.0
0.0
0.0
0.0
0.0
0.0
0.0
0.0
0.0
0.0
0.0
66.0
157.0
135.2
304.8
536.4
140.0
234.8
123.6
0.0
0.0
0.0
0.0
0.0
0.0
0.0
0.0
0.0
0.0
0.0
0.0
0.0
0.0
0.0
0.0
0.0
96.0
589.6
251.2
520.4
332.4
217.4
130.0
0.0
0.0
0.0
0.0
0.0
0.0
0.0
0.0
0.0
0.0
0.0
0.0
0.0
0.0
0.0
0.0
0.0
149.2
297.2
209.6
288.4
229.0
112.0
40.0
0.0
0.0
0.0
0.0
0.0
0.0
0.0
0.0
0.0
0.0
0.0
0.0
0.0
0.0
0.0
0.0
0.0
124.0
150.6
0.0
0.0
399.2
283.0
118.2
0.0
0.0
0.0
0.0
0.0
0.0
0.0
0.0
0.0
0.0
0.0
0.0
0.0
0.0
0.0
0.0
0.0
125.0
627.8
180.0
346.6
99.2
53.0
90.0
0.0
0.0
0.0
0.0
0.0
0.0
0.0
0.0
0.0
0.0
0.0
0.0
0.0
0.0
0.0
0.0
0.0
60.0
271.6
209.2
466.4
306.4
279.4
58.0
9.0
0.0
0.0
0.0
0.0
0.0
0.0
0.0
0.0
0.0
0.0
0.0
0.0
0.0
0.0
0.0
0.0
411.8
174.4
204.6
485.2
320.2
201.8
184.8
40.0
0.0
0.0
0.0
0.0
0.0
0.0
0.0
0.0
0.0
0.0
0.0
0.0
0.0
0.0
0.0
0.0
0.0
0.0
0.0
14.0
18.0
0.0
0.0
0.0
0.0
0.0
0.0
0.0
0.0
0.0
0.0
0.0
0.0
0.0
0.0
0.0
0.0
0.0
0.0
0.0
17.0
0.0
0.0
0.0
0.0
0.0
0.0
0.0
0.0
0.0
0.0
0.0
0.0
0.0
0.0
0.0
0.0
0.0
0.0
0.0
0.0
0.0
0.0
0.0
88.0
170.4
256.8
502.0
421.2
319.2
92.0
8.0
0.0
0.0
0.0
0.0
0.0
0.0
0.0
0.0
0.0
0.0
0.0
0.0
0.0
0.0
0.0
141.0
269.0
1086.0
404.2
633.8
573.0
592.0
61.0
23.0
0.0
0.0
0.0
0.0
0.0
0.0
0.0
0.0
0.0
0.0
0.0
0.0
0.0
0.0
0.0
0.0
0.0
0.0
0.0
0.0
0.0
0.0
0.0
0.0
0.0
0.0
0.0
0.0
0.0
0.0
0.0
0.0
0.0
0.0
0.0
0.0
0.0
0.0
0.0
372.0
1370.4
308.4
232.8
444.8
443.0
380.4
290.4
12.0
0.0
0.0
0.0
0.0
0.0
0.0
0.0
0.0
0.0
0.0
0.0
0.0
0.0
0.0
0.0
0.0
224.6
416.4
593.6
566.8
402.4
247.4
283.2
50.0
0.0
0.0
0.0
0.0
0.0
0.0
0.0
0.0
0.0
0.0
0.0
0.0
0.0
0.0
0.0
765.4
0.0
1700.4
1383.2
818.0
434.8
220.4
172.4
26.0
0.0
0.0
0.0
0.0
0.0
0.0
0.0
0.0
0.0
0.0
0.0
0.0
0.0
0.0
0.0
72.0
268.4
1064.0
491.0
559.0
531.6
334.8
163.0
61.2
0.0
0.0
0.0
0.0
0.0
0.0
0.0
0.0
0.0
0.0
0.0
0.0
0.0
0.0
0.0
0.0
164.0
262.8
259.2
374.6
327.0
284.0
227.6
18.0
0.0
0.0
0.0
0.0
0.0
0.0
0.0
0.0
0.0
0.0
0.0
0.0
0.0
0.0
0.0
233.0
201.6
314.8
333.4
396.2
233.4
201.6
72.0
20.0
0.0
0.0
0.0
0.0
0.0
0.0
0.0
0.0
0.0
0.0
0.0
0.0
0.0
0.0
0.0
90.0
232.0
439.2
659.6
639.6
607.8
190.0
188.0
69.2
0.0
0.0
0.0
0.0
0.0
0.0
0.0
0.0
0.0
0.0
0.0
0.0
0.0
0.0
0.0
84.0
177.0
282.8
452.4
384.0
356.0
286.0
147.0
30.0
0.0
0.0
0.0
0.0
0.0
0.0
0.0
0.0
0.0
0.0
0.0
0.0
0.0
0.0
0.0
237.2
664.2
1070.4
1463.0
892.8
341.2
226.0
146.4
48.0
0.0
0.0
0.0
0.0
0.0
0.0
0.0
0.0
0.0
0.0
0.0
0.0
0.0
0.0
134.6
929.2
1887.2
1594.0
1300.0
953.8
412.8
295.0
160.4
109.6
0.0
0.0
0.0
0.0
0.0
0.0
0.0
0.0
0.0
0.0
0.0
0.0
0.0
0.0
108.6
300.6
456.2
1455.4
1515.6
965.8
414.8
292.0
298.4
94.0
0.0
0.0
0.0
0.0
0.0
0.0
0.0
0.0
0.0
0.0
0.0
0.0
0.0
0.0
0.0
191.2
443.2
823.8
870.4
1008.2
472.0
300.4
207.0
90.0
0.0
0.0
0.0
0.0
0.0
0.0
0.0
0.0
0.0
0.0
0.0
0.0
0.0
0.0
0.0
0.0
124.0
185.0
243.0
352.4
229.2
135.0
180.0
35.0
0.0
0.0
0.0
0.0
0.0
0.0
0.0
0.0
0.0
0.0
0.0
0.0
0.0
0.0
0.0
93.0
316.4
343.0
472.4
504.0
301.0
272.2
170.4
72.0
0.0
0.0
0.0
0.0
0.0
0.0
0.0
0.0
0.0
0.0
0.0
0.0
0.0
0.0
0.0
128.0
263.0
441.2
621.8
693.8
486.4
430.8
0.0
54.8
0.0
0.0
0.0
0.0
0.0
0.0
0.0
0.0
0.0
0.0
0.0
0.0
0.0
0.0
0.0
176.0
1131.4
998.2
1255.2
825.8
486.4
465.2
222.0
44.0
0.0
0.0
0.0
0.0
0.0
0.0
0.0
0.0
0.0
0.0
0.0
0.0
0.0
0.0
79.0
225.0
182.8
749.6
329.2
528.4
474.0
439.0
0.0
140.6
0.0
0.0
0.0
0.0
0.0
0.0
0.0
0.0
0.0
0.0
0.0
0.0
0.0
0.0
0.0
228.4
1342.2
1189.2
1430.2
1894.6
579.4
0.0
0.0
0.0
0.0
0.0
0.0
0.0
0.0
0.0
0.0
0.0
0.0
0.0
0.0
0.0
0.0
0.0
0.0
0.0
86.0
192.6
216.0
307.0
374.6
362.8
368.2
123.4
0.0
0.0
0.0
0.0
0.0
0.0
0.0
0.0
0.0
0.0
0.0
0.0
0.0
0.0
131.0
277.8
1566.0
604.6
354.6
678.4
824.0
439.6
454.8
176.0
9.0
0.0
0.0
0.0
0.0
0.0
0.0
0.0
0.0
0.0
0.0
0.0
0.0
0.0
0.0
369.4
918.2
1516.6
2152.8
1462.8
584.8
406.2
289.6
95.0
6.0
0.0
0.0
0.0
0.0
0.0
0.0
0.0
0.0
0.0
0.0
0.0
0.0
0.0
0.0
239.2
611.4
1318.0
1331.2
762.4
818.4
393.0
365.2
175.0
0.0
0.0
0.0
0.0
0.0
0.0
0.0
0.0
0.0
0.0
0.0
0.0
0.0
0.0
0.0
143.0
463.0
699.6
1070.8
595.8
277.6
315.8
122.8
81.0
0.0
0.0
0.0
0.0
0.0
0.0
0.0
0.0
0.0
0.0
0.0
0.0
0.0
0.0
80.8
341.0
1024.8
1964.0
2142.4
1364.2
0.0
0.0
437.6
198.6
19.0
0.0
0.0
0.0
0.0
0.0
0.0
0.0
0.0
0.0
0.0
0.0
0.0
0.0
0.0
207.2
114.0
180.4
137.6
536.6
584.0
637.2
314.0
176.8
0.0
0.0
0.0
0.0
0.0
0.0
0.0
0.0
0.0
0.0
0.0
0.0
0.0
0.0
337.0
418.4
2383.6
1159.0
1007.8
1016.4
488.0
578.0
442.6
191.2
0.0
0.0
0.0
0.0
0.0
0.0
0.0
0.0
0.0
0.0
0.0
0.0
0.0
0.0
0.0
536.6
971.6
2045.8
2170.2
1331.6
910.0
477.8
601.4
295.0
2.0
0.0
0.0
0.0
0.0
0.0
0.0
0.0
0.0
0.0
0.0
0.0
0.0
0.0
1494.6
2165.6
2342.0
1296.8
950.0
447.0
534.0
359.4
686.2
183.2
14.0
0.0
0.0
0.0
0.0
0.0
0.0
0.0
0.0
0.0
0.0
0.0
0.0
0.0
315.6
717.0
1344.8
921.2
960.2
781.8
728.4
492.8
401.8
225.8
9.0
0.0
0.0
0.0
0.0
0.0
0.0
0.0
0.0
0.0
0.0
0.0
0.0
0.0
1221.2
920.8
765.2
712.0
268.8
250.0
0.0
0.0
286.0
200.0
10.0
0.0
0.0
0.0
0.0
0.0
0.0
0.0
0.0
0.0
0.0
0.0
0.0
0.0
890.4
1706.4
1775.8
1189.4
1488.8
1151.2
1124.8
526.0
0.0
0.0
0.0
0.0
0.0
0.0
0.0
0.0
0.0
0.0
0.0
0.0
0.0
0.0
0.0
0.0
0.0
0.0
0.0
0.0
0.0
0.0
0.0
0.0
0.0
0.0
0.0
0.0
0.0
0.0
0.0
0.0
0.0
0.0
0.0
0.0
0.0
0.0
0.0
0.0
0.0
0.0
0.0
0.0
0.0
0.0
0.0
0.0
0.0
0.0
0.0
0.0
0.0
0.0
0.0
0.0
0.0
0.0
0.0
0.0
0.0
0.0
0.0
0.0
206.0
531.2
485.6
1383.6
0.0
0.0
174.0
300.2
208.0
155.6
0.0
0.0
0.0
0.0
0.0
0.0
0.0
0.0
0.0
0.0
0.0
0.0
0.0
80.0
807.8
2173.8
939.2
1336.2
2248.0
1549.6
776.2
283.6
223.2
148.0
50.0
0.0
0.0
0.0
0.0
0.0
0.0
0.0
0.0
0.0
0.0
0.0
0.0
0.0
1337.6
2394.6
2613.0
2515.4
0.0
0.0
0.0
0.0
0.0
151.2
54.4
0.0
0.0
0.0
0.0
0.0
0.0
0.0
0.0
0.0
0.0
0.0
0.0
0.0
136.0
138.0
582.0
805.4
1573.0
1383.8
923.2
546.2
490.4
200.0
51.2
0.0
0.0
0.0
0.0
0.0
0.0
0.0
0.0
0.0
0.0
0.0
0.0
0.0
97.4
542.6
546.6
419.2
450.0
606.4
367.0
228.4
254.8
43.6
78.2
0.0
0.0
0.0
0.0
0.0
0.0
0.0
0.0
0.0
0.0
0.0
0.0
0.0
83.4
521.25
0.0
1014.0
793.4
797.6
534.0
336.6
88.0
86.0
25.0
0.0
0.0
0.0
0.0
0.0
0.0
0.0
0.0
0.0
0.0
0.0
0.0
130.2
1201.0
1483.6
2155.6
2329.2
1297.6
1266.4
0.0
822.0
469.2
193.0
48.0
0.0
0.0
0.0
0.0
0.0
0.0
0.0
0.0
0.0
0.0
0.0
0.0
66.0
965.8
2166.8
2555.2
2039.2
1995.0
1624.0
939.2
442.0
289.6
174.8
81.0
0.0
0.0
0.0
0.0
0.0
0.0
0.0
0.0
0.0
0.0
0.0
0.0
177.6
1096.8
2332.4
2541.4
2396.6
2096.8
1578.2
907.6
331.4
276.0
194.0
48.0
0.0
0.0
0.0
0.0
0.0
0.0
0.0
0.0
0.0
0.0
0.0
0.0
185.0
1393.0
2230.8
2424.8
2340.8
2150.4
1625.0
930.0
399.0
311.0
195.2
76.0
0.0
0.0
0.0
0.0
0.0
0.0
0.0
0.0
0.0
0.0
0.0
0.0
248.2
515.6
1762.6
2102.8
946.8
2250.0
1686.2
949.4
349.2
282.0
209.4
86.4
0.0
0.0
0.0
0.0
0.0
0.0
0.0
0.0
0.0
0.0
0.0
0.0
0.0
216.6
370.4
0.0
162.8
571.0
487.0
431.0
547.2
336.0
211.2
87.0
0.0
0.0
0.0
0.0
0.0
0.0
0.0
0.0
0.0
0.0
0.0
0.0
0.0
69.0
217.0
279.8
663.2
879.0
694.4
494.8
512.4
417.2
130.6
32.0
0.0
0.0
0.0
0.0
0.0
0.0
0.0
0.0
0.0
0.0
0.0
0.0
345.4
1506.4
2374.6
2729.6
2676.0
2359.4
1659.2
1016.8
481.2
641.2
0.0
86.0
0.0
0.0
0.0
0.0
0.0
0.0
0.0
0.0
0.0
0.0
0.0
0.0
0.0
194.6
625.4
696.4
1604.6
2038.4
1568.6
979.6
651.8
298.4
245.0
80.0
0.0
0.0
0.0
0.0
0.0
0.0
0.0
0.0
0.0
0.0
0.0
0.0
443.0
1827.4
2522.6
2627.2
2578.6
2359.8
1681.0
1142.6
619.2
550.4
358.0
123.2
0.0
0.0
0.0
0.0
0.0
0.0
0.0
0.0
0.0
0.0
0.0
0.0
0.0
123.0
314.0
536.0
414.4
320.2
488.0
674.4
391.8
540.6
242.4
100.8
0.0
0.0
0.0
0.0
0.0
0.0
0.0
0.0
0.0
0.0
0.0
0.0
0.0
750.6
438.4
741.2
908.0
678.8
256.0
506.6
167.4
577.6
124.0
14.0
0.0
0.0
0.0
0.0
0.0
0.0
0.0
0.0
0.0
0.0
0.0
0.0
514.2
956.4
2519.2
3064.4
2642.6
2786.8
1392.8
943.4
805.6
440.2
205.4
52.0
0.0
0.0
0.0
0.0
0.0
0.0
0.0
0.0
0.0
0.0
0.0
0.0
0.0
89.4
524.4
492.2
538.4
404.4
454.6
522.6
319.2
334.0
107.6
0.0
0.0
0.0
0.0
0.0
0.0
0.0
0.0
0.0
0.0
0.0
0.0
0.0
218.8
1902.8
994.0
3331.8
2602.8
2684.2
1620.8
959.6
316.8
623.2
227.0
142.0
0.0
0.0
0.0
0.0
0.0
0.0
0.0
0.0
0.0
0.0
0.0
0.0
119.0
213.2
603.8
3328.6
1195.6
2634.8
667.6
1310.0
453.2
312.0
486.0
202.4
0.0
0.0
0.0
0.0
0.0
0.0
0.0
0.0
0.0
0.0
0.0
0.0
0.0
537.4
365.4
491.2
0.0
2517.6
1165.2
0.0
996.6
464.0
178.4
100.0
0.0
0.0
0.0
0.0
0.0
0.0
0.0
0.0
0.0
0.0
0.0
0.0
73.4
167.0
265.6
807.2
1345.6
1208.4
2618.4
225.2
690.8
531.6
340.6
81.2
0.0
0.0
0.0
0.0
0.0
0.0
0.0
0.0
0.0
0.0
0.0
0.0
337.8
1093.4
987.2
954.4
1212.4
895.6
1352.8
872.6
566.0
329.6
248.4
100.0
0.0
0.0
0.0
0.0
0.0
0.0
0.0
0.0
0.0
0.0
0.0
0.0
176.0
357.2
628.0
2544.0
1931.0
2040.4
2567.0
1008.0
811.4
290.0
229.0
286.6
0.0
0.0
0.0
0.0
0.0
0.0
0.0
0.0
0.0
0.0
0.0
0.0
1802.4
2764.2
3091.2
870.2
3532.4
1776.8
1988.0
1738.8
1030.2
499.2
355.2
153.0
0.0
0.0
0.0
0.0
0.0
0.0
0.0
0.0
0.0
0.0
0.0
0.0
263.6
604.0
712.8
2948.8
1585.4
956.4
2394.2
1497.2
707.8
431.6
308.8
139.6
0.0
0.0
0.0
0.0
0.0
0.0
0.0
0.0
0.0
0.0
0.0
0.0
1987.6
1759.2
3059.6
3191.2
2749.6
2516.4
1983.0
1432.2
963.2
467.2
315.0
134.0
0.0
0.0
0.0
0.0
0.0
0.0
0.0
0.0
0.0
0.0
0.0
0.0
77.0
225.6
317.4
488.0
915.4
2645.4
2052.4
1338.0
557.2
268.0
214.0
138.0
0.0
0.0
0.0
0.0
0.0
0.0
0.0
0.0
0.0
0.0
0.0
0.0
0.0
1887.4
2964.4
3109.6
2587.0
2460.0
1847.2
1383.6
657.4
339.0
345.6
164.0
0.0
0.0
0.0
0.0
0.0
0.0
0.0
0.0
0.0
0.0
0.0
102.6
1471.4
2480.8
2910.0
3018.0
2833.2
2592.4
2012.8
1334.6
580.4
278.6
224.0
148.0
0.0
0.0
0.0
0.0
0.0
0.0
0.0
0.0
0.0
0.0
0.0
0.0
0.0
0.0
0.0
0.0
0.0
0.0
0.0
0.0
0.0
0.0
0.0
201.6
0.0
0.0
0.0
0.0
0.0
0.0
0.0
0.0
0.0
0.0
0.0
187.4
1496.4
2179.4
2898.0
2868.0
2909.8
2516.2
2174.8
1432.4
800.8
512.8
253.8
215.0
0.0
0.0
0.0
0.0
0.0
0.0
0.0
0.0
0.0
0.0
0.0
0.0
92.8
388.0
860.6
1970.4
2245.8
2071.5
2021.0
1477.4
746.6
898.4
485.0
213.8
0.0
0.0
0.0
0.0
0.0
0.0
0.0
0.0
0.0
0.0
0.0
234.8
1585.2
2689.6
442.0
1402.2
2985.0
2591.8
2397.8
1510.0
939.2
863.6
676.6
265.6
86.0
0.0
0.0
0.0
0.0
0.0
0.0
0.0
0.0
0.0
0.0
460.6
2135.2
2844.6
3091.4
3123.6
2978.0
2612.6
2077.0
1343.2
593.4
240.0
201.0
166.0
0.0
0.0
0.0
0.0
0.0
0.0
0.0
0.0
0.0
0.0
0.0
187.4
1829.2
2620.2
2954.0
3043.0
2868.0
2520.0
2074.8
1462.4
737.2
527.2
372.0
177.0
0.0
0.0
0.0
0.0
0.0
0.0
0.0
0.0
0.0
0.0
0.0
371.8
1922.8
3046.0
2942.4
3584.8
3387.6
2518.4
1167.2
1017.2
731.2
435.6
370.8
310.2
0.0
0.0
0.0
0.0
0.0
0.0
0.0
0.0
0.0
0.0
0.0
669.2
2192.0
2968.8
3250.8
3094.8
1886.8
3362.6
1124.0
1975.6
864.4
375.0
234.0
158.8
0.0
0.0
0.0
0.0
0.0
0.0
0.0
0.0
0.0
0.0
0.0
750.4
2354.6
3039.6
3243.2
3237.6
2725.2
2785.0
2057.8
1460.4
671.2
244.0
224.0
167.0
0.0
0.0
0.0
0.0
0.0
0.0
0.0
0.0
0.0
0.0
0.0
769.8
2386.8
2975.2
3236.0
3294.0
3100.8
2735.0
2210.4
1473.2
697.4
263.0
270.0
185.0
68.4
0.0
0.0
0.0
0.0
0.0
0.0
0.0
0.0
0.0
0.0
979.8
2523.2
3050.0
3285.2
3252.4
3045.0
2625.2
2186.0
1472.0
695.2
235.2
215.0
162.0
0.0
0.0
0.0
0.0
0.0
0.0
0.0
0.0
0.0
0.0
0.0
76.0
312.0
871.0
3648.4
1951.2
410.0
704.4
1686.6
2030.4
1476.6
872.2
468.8
163.0
86.0
0.0
0.0
0.0
0.0
0.0
0.0
0.0
0.0
0.0
0.0
273.4
2197.0
2956.2
3187.6
3223.6
3065.0
2741.2
2207.6
1519.4
752.6
287.6
235.0
170.0
66.8
0.0
0.0
0.0
0.0
0.0
0.0
0.0
0.0
0.0
0.0
764.0
2250.4
2925.2
3210.0
3313.2
3114.4
2772.4
2261.2
1532.4
747.2
254.8
244.0
195.0
0.0
0.0
0.0
0.0
0.0
0.0
0.0
0.0
0.0
0.0
0.0
159.6
555.4
1141.2
1304.4
1361.0
1527.2
699.2
1830.4
1551.0
610.6
162.8
557.6
130.4
0.0
0.0
0.0
0.0
0.0
0.0
0.0
0.0
0.0
0.0
0.0
78.0
494.4
564.8
491.2
2746.8
2837.4
2272.4
1697.8
1571.4
1029.6
609.6
410.6
191.4
105.2
0.0
0.0
0.0
0.0
0.0
0.0
0.0
0.0
0.0
0.0
161.2
291.0
527.0
241.2
365.0
565.8
449.4
619.6
316.6
154.0
240.8
159.2
197.0
0.0
0.0
0.0
0.0
0.0
0.0
0.0
0.0
0.0
0.0
0.0
0.0
244.0
662.8
2803.2
2471.6
3014.6
2999.2
2491.6
1884.0
1041.0
456.0
320.0
265.0
83.0
0.0
0.0
0.0
0.0
0.0
0.0
0.0
0.0
0.0
0.0
947.0
2553.0
3220.4
3383.25
3025.2
3263.6
0.0
0.0
0.0
0.0
0.0
0.0
0.0
0.0
0.0
0.0
0.0
0.0
0.0
0.0
0.0
0.0
0.0
0.0
0.0
2516.4
3201.2
3644.8
2079.2
2107.2
440.0
238.4
1146.4
1062.0
169.4
144.4
101.2
0.0
0.0
0.0
0.0
0.0
0.0
0.0
0.0
0.0
0.0
0.0
138.6
438.0
981.2
1020.8
2021.2
2485.2
2385.0
2303.2
1101.6
1341.6
828.8
362.4
286.6
103.6
0.0
0.0
0.0
0.0
0.0
0.0
0.0
0.0
0.0
0.0
1452.8
1459.2
3137.6
3350.6
3388.0
3456.4
3035.6
2249.6
1507.0
1028.2
786.8
557.4
317.4
88.8
0.0
0.0
0.0
0.0
0.0
0.0
0.0
0.0
0.0
0.0
78.0
275.6
758.2
1566.2
1311.8
981.6
818.2
744.4
321.6
274.0
501.6
208.0
0.0
0.0
0.0
0.0
0.0
0.0
0.0
0.0
0.0
0.0
0.0
0.0
1070.2
247.2
2033.6
2310.0
2487.0
1330.6
3138.6
2613.4
1882.6
859.2
922.0
419.0
354.0
129.0
0.0
0.0
0.0
0.0
0.0
0.0
0.0
0.0
0.0
0.0
472.4
199.0
461.8
565.2
1020.4
1128.2
1131.2
1233.6
1375.6
726.2
478.0
337.8
258.0
252.2
0.0
0.0
0.0
0.0
0.0
0.0
0.0
0.0
0.0
0.0
535.6
388.8
899.6
2004.0
1529.2
2745.4
2819.2
2157.8
2062.4
1412.2
747.6
386.4
184.2
0.0
0.0
0.0
0.0
0.0
0.0
0.0
0.0
0.0
0.0
0.0
1636.0
2815.8
545.4
2529.6
3645.4
1523.8
1551.6
1661.0
1021.0
1500.2
687.4
568.4
311.4
96.0
0.0
0.0
0.0
0.0
0.0
0.0
0.0
0.0
0.0
0.0
279.0
1063.0
1718.2
1835.6
3717.2
2262.4
2269.2
1722.0
1416.8
876.2
898.8
642.8
280.8
120.0
0.0
0.0
0.0
0.0
0.0
0.0
0.0
0.0
0.0
0.0
281.6
332.0
932.6
1541.2
1347.4
934.8
1722.8
1787.6
532.2
1056.2
493.8
290.8
356.0
92.4
0.0
0.0
0.0
0.0
0.0
0.0
0.0
0.0
0.0
0.0
654.2
2343.8
1936.8
1131.8
3174.0
3470.2
3368.8
1452.0
1960.6
1018.2
352.4
232.0
222.2
88.8
0.0
0.0
0.0
0.0
0.0
0.0
0.0
0.0
0.0
0.0
1061.2
1150.0
2588.2
2414.8
2814.8
3122.8
2546.2
1736.0
1703.6
1320.4
499.2
492.8
240.8
214.4
0.0
0.0
0.0
0.0
0.0
0.0
0.0
0.0
0.0
0.0
629.0
756.4
2241.6
2157.2
2345.2
2449.6
2588.8
2303.6
1789.6
1303.6
346.8
475.4
174.2
0.0
0.0
0.0
0.0
0.0
0.0
0.0
0.0
0.0
0.0
0.0
1981.6
2832.6
3284.8
3528.6
3406.8
3125.6
2997.2
2450.4
1775.4
1003.5
492.0
426.8
322.0
199.0
0.0
0.0
0.0
0.0
0.0
0.0
0.0
0.0
0.0
0.0
1662.8
686.8
644.4
2805.6
3689.6
3432.8
2979.6
2441.2
1827.6
823.4
595.0
817.0
457.0
224.0
0.0
0.0
0.0
0.0
0.0
0.0
0.0
0.0
0.0
0.0
906.2
1818.4
3496.8
3493.0
3494.0
3292.2
2999.2
2532.4
1809.6
1051.2
388.0
242.0
197.0
138.0
0.0
0.0
0.0
0.0
0.0
0.0
0.0
0.0
0.0
0.0
1233.2
2046.4
3002.4
3373.2
1888.2
2682.0
1866.8
894.0
908.8
665.6
149.2
246.8
317.0
97.0
0.0
0.0
0.0
0.0
0.0
0.0
0.0
0.0
0.0
0.0
1924.0
2794.8
3314.4
3694.8
3727.0
3525.8
1918.4
1979.8
1314.0
1172.4
824.6
766.8
501.2
204.4
0.0
0.0
0.0
0.0
0.0
0.0
0.0
0.0
0.0
0.0
326.8
740.8
1802.0
3465.2
3425.2
1630.6
3002.8
2288.0
1814.2
968.8
437.8
595.6
242.4
161.6
0.0
0.0
0.0
0.0
0.0
0.0
0.0
0.0
0.0
0.0
146.8
555.6
835.0
2251.0
3745.4
3650.0
3396.4
2687.6
2138.6
1153.6
903.0
767.6
440.2
332.8
0.0
0.0
0.0
0.0
0.0
0.0
0.0
0.0
0.0
0.0
264.8
276.2
1378.6
629.2
1211.6
1713.6
3233.6
1600.6
1326.4
807.0
653.0
336.2
306.4
88.0
0.0
0.0
0.0
0.0
0.0
0.0
0.0
0.0
0.0
0.0
1590.4
2642.2
3258.8
3116.8
3069.6
2191.4
3707.6
2812.6
1315.6
1055.8
1005.0
398.8
397.6
172.0
0.0
0.0
0.0
0.0
0.0
0.0
0.0
0.0
0.0
0.0
519.2
1925.0
3040.8
3351.6
3391.4
3650.0
1518.4
1510.6
1108.8
1251.8
918.4
490.8
392.2
202.4
0.0
0.0
0.0
0.0
0.0
0.0
0.0
0.0
0.0
0.0
219.2
462.0
737.8
1088.6
1855.6
1506.8
1279.2
2152.4
1399.8
813.0
656.4
322.6
263.8
180.4
0.0
0.0
0.0
0.0
0.0
0.0
0.0
0.0
0.0
0.0
188.8
587.4
797.6
1841.2
1194.8
1152.0
1447.8
1585.4
1371.8
1267.8
886.4
801.0
311.8
186.0
0.0
0.0
0.0
0.0
0.0
0.0
0.0
0.0
0.0
0.0
188.0
2192.8
343.8
1048.4
739.2
2043.8
1578.5
880.0
844.8
736.8
466.4
342.4
386.0
201.0
0.0
0.0
0.0
0.0
0.0
0.0
0.0
0.0
0.0
0.0
0.0
332.0
493.6666667
1680.8
324.8
1275.6
1807.6
2108.8
891.0
1014.6
905.8
527.4
267.0
84.0
0.0
0.0
0.0
0.0
0.0
0.0
0.0
0.0
0.0
0.0
221.6
941.4
798.4
1409.6
2479.8
713.2
645.2
1583.6
740.6
897.0
899.6
579.0
347.8
167.2
0.0
0.0
0.0
0.0
0.0
0.0
0.0
0.0
0.0
0.0
352.8
1837.0
2172.4
871.2
1682.6
1989.4
2163.6
1494.0
1468.6
130.0
217.6
699.2
592.2
139.0
0.0
0.0
0.0
0.0
0.0
0.0
0.0
0.0
0.0
0.0
448.8
2483.4
2683.2
1154.8
2315.0
3076.6
582.0
1888.8
2034.4
1247.8
601.2
624.0
295.2
187.2
65.6
0.0
0.0
0.0
0.0
0.0
0.0
0.0
0.0
0.0
390.6
1285.2
1472.6
1414.8
2804.8
643.8
3246.4
2717.6
2182.166667
277.8
1184.0
331.6
381.6
190.4
0.0
0.0
0.0
0.0
0.0
0.0
0.0
0.0
0.0
0.0
1234.8
2645.2
2611.8
1724.8
2325.6
2693.2
2157.4
2100.0
1672.4
1619.6
862.0
737.8
520.8
200.2
0.0
0.0
0.0
0.0