0.6897709
0.991584227
0.723621848
-1.017107148
-1.165184341
-0.821308636
-0.630014784
-0.610407465
-0.419280972
-0.873133028
-0.21819552
0.26610343
1.21518202
1.220491879
0.782107632
-0.092943076
-0.14303689
0.50904339
0.516071304
-0.026767737
0.43953002
1.182106412
1.050924946
0.871793608
0.539124421
0.873234024
0.262775277
-0.810844376
-1.178043174
-0.978644194
-0.681307725
-0.701021
-0.577086207
-0.653072157
-0.83545325
0.615586454
1.160843774
0.937243178
0.258298418
-0.389812924
0.008040347
0.175494174
0.293481108
-0.110238437
1.338996291
0.766832216
2.290995962
1.516953964
1.766263079
1.799654683
1.661120099
1.025569942
0.021866606
-0.029182471
0.250858268
0.788277326
0.340701462
-0.442356626
-0.250430634
0.368675498
1.566347966
1.776835559
1.378063455
1.685514501
1.726027042
1.440529366
1.84358553
1.909591517
2.463519561
2.09483928
2.164776631
0.961293229
1.50959459
2.550898257
1.525281056
0.2786588
-0.512817273
-0.152559707
0.363924121
0.417052095
0.26039707
-0.244377854
0.758470944
0.630959907
1.4356567
2.352581556
2.416218048
1.662202801
1.930427099
2.263589309
1.504813011
1.026604765
2.346250183
1.850819871
2.815138099
1.720605782
1.85883501
1.626604347
1.652943061
0.558965458
-0.020830369
0.085160706
0.560122144
0.653167662
0.023537608
0.065012769
-0.048203272
0.596611274
1.927262224
2.868060035
2.239001015
1.352761497
1.263979072
2.32739889
1.430014237
1.602013945
1.609283906
1.751905581
2.338208185
1.804199626
2.238182266
2.809379903
1.737697197
0.997037428
-0.01436235
0.33100082
0.463939802
0.407083417
0.122142574
0.258705398
0.352807576
0.965327452
2.601069972
2.871005843
1.2141941
1.105801254
1.723551708
1.286784191
0.855694683
0.006879602
1.406743414
2.537701053
1.407567042
0.971114646
1.977129558
2.396684288
1.780330993
0.755399103
0.034120155
0.400223229
0.511942748
0.19302002
0.118034633
0.029705963
0.098250508
0.843069014
1.801826328
1.580743569
1.771481141
2.033368773
1.784603775
1.743904547
1.027340667
1.173904532
1.64690758
1.644811844
2.210183233
1.833172978
2.030199126
1.879963863
1.975198378
1.076567438
-0.195929771
0.358253851
0.566778946
0.254532823
0.317141729
0.296025935
0.102628936
1.418144423
2.582409225
3.046426341
1.966120981
1.020764784
1.16941107
0.737359126
1.14342585
1.179840276
1.347316226
1.713572882
1.385006934
1.696296988
1.049053828
2.593506902
1.063889052
0.846656443
-0.360981435
-0.035430699
0.439527972
0.157458008
0.177940055
0.266374225
0.165552122
0.618107538
1.679801714
2.549524862
2.586008813
0.286047444
0.402602315
0.220189808
0.827980018
0.656867686
1.160511479
1.405986506
1.547204178
1.053325277
1.033147963
1.697754079
0.936140308
-0.147581282
-0.597001414
-0.567687222
-0.073875855
-0.161438635
-0.431210345
-0.067829459
0.032064049
0.364033656
1.697335739
1.729421692
0.613519232
-0.198510497
-0.045402679
-0.419656076
-0.016952468
0.78267977
0.665303224
1.790241332
2.040507837
0.635810365
1.141053892
1.508353206
0.841021017
-0.230500913
-0.559639793
-0.292707119
-0.028193165
0.088283009
-0.213707852
-0.09975526
0.038559503
0.633627429
1.303031712
1.470362731
0.59543472
0.706699646
-0.39257888
-0.141552223
-0.105634827
0.368184379
0.908959044
1.082421723
0.798144199
0.634962408
0.890961449
1.250547145
0.667179358
-0.534492492
-0.877658468
-0.535128125
-0.242505211
-0.342579362
-0.384745852
-0.297634084
-0.13070422
0.098324314
1.139689419
1.273799542
0.540824474
-0.165239669
-0.530156278
0.460944239
-0.225112755
1.270581529
1.068842828
1.769600313
1.440302526
1.644033993
0.870959785
2.232660302
1.987772964
0.93305474
-0.445445956
0.066963489
0.389927882
0.229533589
0.159146342
0.047515571
0.298388756
0.584812167
2.038959282
1.788432043
0.829966437
0.39649858
0.628171943
0.688135641
0.316123975
0.463739064
0.899350995
0.844638966
1.939698978
1.42005672
1.349011072
2.097487676
1.989719679
0.746526486
-0.267259292
0.05463137
0.258240488
0.777858492
0.226213072
0.613726711
0.737234033
0.565737725
1.192781306
1.690246007
0.665534512
0.371296845
0.134663014
0.372852413
0.131132106
0.283464082
0.604269922
1.356364684
1.243948836
0.814379246
0.797990427
2.060966616
1.190901234
1.065336657
-0.547528099
-0.5632233
0.031455556
-0.368065024
0.734392599
0.031251238
0.826578397
0.478298615
1.236218099
2.149314385
1.932262702
0.805622326
0.340236747
1.509242953
2.312266822
0.336177024
1.384601824
1.527926154
2.025076122
1.90425742
2.236763214
2.024523477
2.378297155
1.308637611
0.273326433
0.667313457
0.931015814
1.0690249
1.530288706
0.678342243
0.651934779
1.433253238
2.546134788
2.910344578
1.063435315
1.613210815
1.271726539
1.486149429
1.519484863
0.634704813
1.522821379
1.490973193
2.299827457
2.322690797
2.296071686
2.937179236
3.055245176
1.187633224
0.741592146
1.455942386
1.378337225
1.467797991
1.097502798
0.93531528
1.292113355
1.46771208
2.293019892
2.447978564
2.184603314
1.117536251
1.173399839
1.487559756
0.881325968
0.97025013
1.255731418
1.960025456
1.944612357
1.509732541
1.710244114
2.360968277
2.437579031
0.948508931
0.219222934
0.414828283
0.666858448
0.558898215
0.44977219
0.511424232
0.512439507
0.97376224
1.771361255
1.901235434
1.545396423
0.435921195
0.386221447
1.258573225
2.413213032
1.370219245
1.964611953
2.082944081
1.849206504
1.392829344
2.072548956
2.624439295
2.238815608
1.298807354
1.023539843
0.819147475
0.819489164
0.746018743
0.865716201
0.831350884
0.804013357
1.292466778
2.560415083
2.841795916
1.31869851
1.604067191
1.701996065
2.793284622
2.129645919
1.271119423
1.167234768
1.391040955
1.3172824
2.67320661
1.878307338
2.550585044
2.203778404
0.874518507
0.283340807
0.298594944
0.483368736
0.67720316
0.672766124
0.829198761
0.802460099
1.232869202
2.060632255
2.460868367
1.588821964
1.086150188
1.2279115
1.546433237
1.696917426
0.88699128
0.891406102
1.346307254
1.411528391
1.543466719
1.970827546
2.039067968
1.571263452
0.616625384
-0.167475055
0.010572961
0.244660784
0.388327525
0.390646026
0.415595196
0.47399694
0.906552213
2.009490987
2.454398843
1.513831092
0.770514873
1.471903146
1.394357625
1.607143922
0.731729272
0.746635856
1.362180467
1.632879798
1.87069293
1.932376496
2.09704585
1.523647177
0.919185353
-0.032351815
-0.00850682
0.18991559
0.317113489
0.287123185
0.323459479
0.446186387
0.992201996
2.028238687
2.339096815
1.535473105
0.939247775
1.197376836
1.434397061
0.887000955
0.396267201
0.727635864
1.419130742
1.786279747
1.365573602
1.726245438
1.883229856
1.445631971
0.634536252
-0.218864744
-0.212051663
-0.0417123
0.002072993
-0.013422857
-0.019282657
0.07640486
0.934698258
1.811595715
1.843506408
1.290687224
0.79872822
1.372831422
2.092843904
1.472557453
0.571764602
0.669556616
1.261766312
1.417947913
1.660992299
1.713098468
1.708971805
1.79254627
0.6065365
-0.064478765
0.238712482
0.271227129
0.555108416
0.379505696
0.360761211
0.471269751
1.191129272
2.478522419
2.437725891
1.573324592
1.267540784
1.477330304
1.653581998
1.436257149
0.447787654
0.913153537
1.796852206
1.962061116
1.998153348
2.008287649
2.301936933
1.616581792
0.816821729
0.319926151
0.301627089
0.496398417
0.669367548
0.562661021
0.529708993
0.740833486
1.672807487
2.333370324
2.191716683
1.383111846
1.363226401
1.96033118
2.118933774
1.476118778
0.665979303
0.884526777
1.481097294
2.176053803
1.812677664
1.896764287
1.93979319
1.686974308
1.04777705
0.280765006
0.394222508
0.626260014
0.564769775
0.475283793
0.175246612
0.683500456
1.345994169
1.994279896
1.945146781
1.400705315
1.053621296
1.701487811
2.293523767
1.346856465
0.881645323
0.880607186
1.839301059
2.143952609
1.939826005
1.920679933
2.189676445
1.784891727
0.722726626
0.232674963
0.474591295
0.611620428
0.522350986
0.349607258
0.355771808
0.678304662
1.301812268
1.995538937
1.978164012
1.227708183
1.117887101
1.748219885
2.197171574
1.431259968
0.706195017
1.044603307
2.179526631
2.546354892
2.107775887
2.058980639
2.246489392
1.838564998
0.587885332
-0.021704883
0.325597389
0.658501187
0.48364156
0.426957779
0.39992355
0.557742604
1.489302161
2.051505821
2.007848503
1.298555443
1.49915126
1.988359461
2.304294903
1.721875833
0.866874712
1.117633175
2.349241317
2.69880419
2.082964366
1.989265165
2.211504122
1.499609774
0.322120446
-0.199090119
0.123435969
0.437325485
0.383287184
0.233843709
0.231533495
0.412937971
1.244417997
1.982253462
1.6003282
1.046222558
0.828375069
1.611067221
2.209954944
1.402985268
0.9551719
1.445330482
2.351544401
2.319558573
1.963527146
1.928357608
1.794459485
1.167920926
0.205757875
-0.277933314
0.153255971
0.300954524
0.215380864
0.222923535
0.109986667
0.484110875
1.094773292
1.586814555
1.454495224
0.908365265
1.043505997
1.772487585
2.008285801
1.458041147
1.257601399
1.378164888
2.702388819
2.881273637
2.264242587
2.27959285
2.365680721
1.506062755
0.665187617
-0.156552569
-0.08603976
0.731316974
0.456034882
0.24291842
0.207691699
0.652237912
1.180546327
1.791453486
1.438357505
1.14073827
1.673790673
2.437113713
2.531091355
1.78473347
1.445168077
2.13631232
2.924417758
3.141392174
2.42373552
2.1548441
2.364705485
1.565638123
0.330800464
-0.023363974
0.216400289
0.657603175
0.521493001
0.307373827
0.27591825
0.557779528
1.288680746
1.713349821
1.50322921
1.283496657
1.588368433
2.159125383
1.93849892
1.887592735
1.106746296
1.481520528
2.702390206
2.770796226
1.969245418
1.643621198
1.929642098
1.51179579
0.098555279
-0.035574787
0.342623664
0.212508937
0.039192838
-0.142493986
0.067145392
0.466686772
1.152606777
1.723724171
1.277882222
1.536062849
1.526652015
1.87623153
1.776693799
1.588200936
1.034568916
1.410735085
2.595917093
2.787916626
2.035556521
1.405550012
1.758356574
1.291884785
0.243103859
-0.1991598
-0.291261274
0.568745721
0.21353779
0.145033954
0.315351067
0.301588985
1.252293445
1.848260767
1.713296956
1.573720277
1.507457828
1.771096023
2.078065841
1.515181568
1.238096079
1.431533547
2.710610182
2.983370931
2.058405375
1.388172388
1.798258359
1.166360526
0.072293676
-0.516235768
-0.060165132
0.1936185
0.37080542
-0.203542479
-0.27327008
0.003222785
1.136711644
1.565552598
1.475421258
1.397889765
1.138370755
1.485765074
2.103247103
1.572011627
1.508420239
1.539658357
2.776090048
2.999823193
1.963701966
1.428576466
1.853277266
1.369282263
0.291997872
-0.114897289
0.316302868
0.40014392
0.148786343
-0.234809336
-0.412953236
0.437241766
0.654785316
1.397036051
1.081652451
1.082375868
1.569675283
2.109910305
2.196039312
1.826539986
0.945518347
1.062704017
2.456178079
2.812246237
1.488002963
1.634805702
2.208281591
1.183912651
0.19038281
-0.120011688
0.26610928
-0.228321572
0.09022549
0.232726394
-0.231383868
-0.096565143
0.368020309
1.508131578
1.163830039
0.969864586
1.375306468
1.783009859
1.960890576
1.548260807
0.70440178
1.228926868
2.376135927
2.661899262
1.752964966
1.594641926
2.125550609
1.759621896
0.674440073
0.106830485
0.244392365
0.296933232
0.001025833
0.359157199
-0.197678793
-0.289206173
0.50853224
1.085054861
0.885888171
1.037843342
1.965955234
2.142509613
1.55596613
1.587397307
1.133409281
1.23663962
2.390424258
2.592403871
2.068243996
1.66682999
1.649877645
1.631402658
1.000159255
-0.068017883
0.115198259
0.389372339
0.075305938
0.084368171
-0.195469587
0.12600764
1.002688369
1.249286402
0.72342698
1.098239626
2.234739615
2.0115677
1.428504114
1.381032118
0.7475737
0.861127605
1.989747047
2.647233562
1.696865475
1.896554098
2.521576318
1.887584588
1.083261525
0.148267051
0.422844038
0.378442802
0.121991904
-0.020227734
-0.234227726
-0.070756204
0.840815929
1.226491364
1.127685989
1.719466359
1.98637369
1.847207766
1.373353329
1.657899489
0.812066176
1.163582159
2.117607365
2.184776235
1.639979995
1.505506606
2.628935061
2.044767357
1.187237587
0.04300539
0.116748538
0.492696654
0.227416686
0.043374276
-0.167406746
0.252286703
0.779798963
1.402829418
1.603430025
1.663586627
2.176267099
1.739525417
1.763496549
1.307381652
0.777649927
0.785593969
1.870198632
2.344425555
1.954987087
1.926793013
2.225467893
1.638725652
0.900153779
0.426683714
0.322233406
0.717308152
0.527489602
-0.015945187
-0.056275987
0.318074056
0.967672506
1.442657563
1.237956306
1.888736014
3.015177191
2.729856215
2.289765874
1.118081408
1.339258157
1.781483114
1.962299338
2.818756109
2.527624172
1.951818751
1.51788533
1.469957718
0.586886039
0.101693727
0.31360492
0.587018999
0.212198377
0.201607904
0.15501072
0.371704111
0.823181907
1.151683134
1.772830503
1.617533279
2.290442363
2.153222767
1.832243688
0.893602834
1.025895529
0.861317062
1.808131396
2.202466779
1.824536325
1.889415843
1.923298505
1.466676959
1.131954925
0.354867008
0.312706819
0.556392968
0.373902626
0.00905531
0.088196889
0.495558645
0.889307283
1.066910564
1.536476119
1.949893102
2.293617307
1.6887783
2.013344249
1.24901659
0.737902125
0.882898239
1.516671647
2.168115149
2.478845286
1.823579142
1.892507369
1.94622278
0.869190759
0.584571995
0.525235539
1.194373158
0.660732511
0.195658548
0.118608187
0.619870515
0.615591081
0.780723037
2.050750174
3.058819815
3.012831229
3.031588065
2.885808827
1.696265872
0.894528462
1.232466866
1.713543669
2.014733401
1.523768377
1.096840861
1.77040574
1.245091109
-0.19767825
-0.484139756
0.080413228
0.243395368
0.407065888
-0.179057189
-0.080729449
0.059981266
0.379394794
1.196568451
1.332676905
2.140094369
1.530753431
0.954776872
0.821053682
0.582924844
0.217275622
0.687195069
1.610248525
1.509897617
1.04000605
0.50056957
0.996700704
0.578373851
-0.310038037
-0.620935074
-0.09394177
0.082267458
-0.001290051
0.07612119
-0.073838724
0.412652943
0.413817103
0.777258427
1.529712394
1.753252747
1.408165941
0.731987391
0.262825481
0.382059608
0.115251606
0.696745333
1.462682207
0.890002658
0.754592689
0.794676522
1.61692983
1.132737388
0.252439978
-0.073781891
0.056351217
0.201948254
0.571042263
0.090174782
-0.202719163
0.321889764
0.267318483
1.341911705
1.80646592
2.840313685
1.934957089
2.575758187
1.392911555
0.47402067
1.604871959
1.059023862
2.450471767
2.286366881
1.904037638
1.60994943
2.033919611
2.106232886
1.184077484
0.21466156
0.412598301
0.396192659
0.319685363
-0.248832133
-0.204178815
0.030478077
0.544883792
0.728655867
1.857197354
2.569542865
2.864503397
2.597417445
2.342261344
2.314544014
1.990814388
2.407991104
4.393909933
3.921424256
3.646284532
2.590658363
2.123131722
2.109037668
1.42592275
0.521239945
0.457462125
0.611291767
0.335252593
0.476055195
0.415702641
0.577651866
0.71035996
0.939974099
1.554526541
3.303173944
3.998493887
2.86827201
1.885309538
1.806524929
0.341038948
1.72433989
0.355248465
1.842296465
0.685242341
1.112523282
1.906146984
1.916079133
1.506538282
-0.206598275
0.250967642
0.440607402
0.495215693
-0.015140806
0.041068013
0.272933414
0.43879356
1.212557318
1.9685972
2.94402672
1.954151719
2.055229942
2.136407229
2.41417998
1.815749152
3.408106352
2.681424205
2.519596638
2.487323309
2.747275016
3.306553178
1.995873471
0.60568364
0.021661549
0.292132572
0.388975114
0.419698719
0.12653492
0.316944519
0.410896971
0.623068015
1.991042097
2.235942961
3.122267418
2.352754565
1.141792167
0.875707902
1.205127725
1.525747887
2.115553788
2.591150774
3.318644837
1.794424343
1.409394205
3.594640095
2.872498727
1.358855276
0.635471394
0.99898707
0.825755268
0.493345553
0.424803783
0.378132116
0.39075473
0.38816075
1.098003595
2.784121872
2.624379028
1.951219811
2.327146944
2.659503545
2.59171154
2.39570862
3.015294664
3.22297992
3.729007114
0.736461002
1.176318001
2.928906965
1.691930598
0.93752365
0.468336307
1.353423877
1.062543956
0.627519441
0.028170767
0.427156875
0.265872807
1.28399528
1.355988368
2.184223461
2.354700422
3.791784856
3.597794844
3.367914953
3.26000327
2.110575231
3.151889166
3.674360634
3.56741746
3.85592433
3.646982912
3.063973137
2.976832421
1.625980957
0.329979857
0.066157895
0.55484849
0.583295397
0.215875958
0.070976233
0.34881557
1.51070182
1.469876759
1.819912703
2.135902922
3.842143896
4.267531654
3.792638682
3.296580331
3.716743534
4.09381974
4.165541468
3.999426758
2.182282223
2.829497963
3.285373546
2.870147654
2.225515905
0.876886389
0.711853564
0.723921123
0.766498664
0.431274882
0.581818235
0.768156688
1.016482437
2.084505017
2.053121723
4.071915786
5.118266728
5.000436027
4.001859942
3.777872434
4.271502727
4.719736213
4.42991265
3.978416375
2.542591375
2.877229881
2.314265497
1.627834791
1.595656618
0.507248709
0.394698169
0.486016807
0.924155111
0.385889974
0.217153866
0.378122802
0.642945972
1.334547289
1.956682487
2.430698269
4.282321252
4.496763149
4.392329018
3.696238093
4.378918053
4.838472695
4.571869147
2.965146218
2.901475638
2.985702858
2.817127939
2.167338448
2.14409141
0.946931015
0.569396654
0.760087953
0.663890479
0.158326683
0.320115645
0.454013769
0.743097732
1.140261025
2.10314006
2.559405443
4.58070529
5.271126171
4.841935532
4.696501996
4.706993921
4.933990536
4.741345885
2.885049179
1.38540773
2.452006251
3.346679506
2.676694048
1.36205406
0.469823766
0.355886474
0.752498666
0.62810163
0.512748071
0.377612082
0.650967222
1.513455204
1.545898651
2.201577328
4.784954335
4.472744788
3.416726934
3.718377553
5.115992205
4.823877317
5.892205802
4.472379592
1.553542577
0.616714439
1.127522122
2.313959039
2.53678579
1.997024436
1.377190153
1.711933521
1.954762679
1.970567034
1.047548474
0.315244625
0.866967062
0.906709965
1.606882683
2.179409922
2.912591886
3.704182353
4.4941746
4.59962617
4.328603528
4.401931495
4.512131651
3.713556552
3.303169653
1.939278646
2.331411297
3.076923348
2.081185689
0.741453742
0.716670278
0.542535352
0.543253787
0.363620951
0.269777766
1.455976427
1.608517895
0.952506431
1.14379582
1.819362427
4.538974447
6.096084002
5.078686254
4.903342683
4.904840805
5.185104489
5.513875453
4.465750895
2.168826964
0.080178806
1.970321776
3.089459843
2.341342508
1.645411263
0.628040704
0.491158228
0.468549568
0.654554978
0.18085727
0.505737597
0.555572351
0.888396223
2.000335809
2.473597661
3.090001848
4.914913591
5.109037875
4.860982294
4.989383995
5.474927829
5.169169228
4.187972511
1.393494634
0.595559742
1.183746332
1.93990225
1.571742211
1.475017481
0.515871567
0.455269793
0.512136195
0.265766982
0.131805793
0.194025095
0.408369265
0.813140958
1.003775868
1.900450281
3.680168521
5.263112629
5.675068044
4.97940575
4.910635153
5.662934163
5.018797606
4.213995978
2.239522003
2.042037619
2.419446493
2.379584366
0.946941009
1.029746344
0.845878836
0.711417532
0.267969041
0.515923198
0.067452552
0.487404637
0.461352461
0.803887076
1.962427432
2.710917184
5.096228306
5.99238958
6.07948527
4.464933952
5.075898317
5.579328313
5.494783266
3.57628343
1.651541806
1.070613478
1.919966114
2.97389196
2.357263428
2.110664353
0.442014622
0.599383607
0.297890587
0.728871066
0.079849199
0.335890658
0.450812554
0.553605133
1.109053398
2.277792221
4.665939749
6.258376235
6.172170352
5.396968116
5.256064557
5.612501646
5.24067267
3.962154001
1.51529361
1.90169273
2.427283787
3.13537437
2.202313826
0.776810336
0.283097808
0.244752234
0.738337715
0.943204194
0.679060305
0.424257057
0.897001203
1.325157828
1.115531742
2.107021173
4.975000422
6.368203484
5.857475468
4.968547859
6.392214434
6.324905588
5.58653295
3.256567525
1.910060078
0.727035126
2.848853119
3.739264992
2.289497593
1.144761639
1.15951365
1.272963205
0.69735752
0.273536466
0.592637527
0.979040798
0.858717374
0.852516577
1.303762671
2.453181588
4.441045038
5.909508694
5.937386291
5.612099054
5.670628893
6.149039564
5.132631193
3.623422571
2.109276081
2.696690683
3.452269849
3.034960978
1.417743484
1.109618177
0.460373367
0.237227214
1.192544887
1.360128859
0.476623334
0.542674503
0.592050404
1.451251733
2.740993514
3.841765694
4.811358745
6.444509486
6.302164048
5.269475012
6.317644613
6.456159552
5.465591753
3.09008743
1.910485798
1.62570851
2.429197537
2.866987451
2.309002501
1.513797301
0.43460252
0.504792526
0.668370153
0.645991186
0.599860177
0.712609461
0.538762615
0.58170192
1.158934593
3.407847717
4.863096074
6.104185007
6.093466706
5.987958978
6.08783333
6.226678363
5.258273278
3.409969517
1.775073242
1.491762003
2.304737663
2.813732538
2.064710157
0.860675915
0.305953634
0.763085737
0.58244244
0.473928086
0.406138678
0.567987242
0.441516438
0.674652839
1.203942798
2.588084544
5.007176462
6.218347917
5.018828175
5.812900139
6.034809063
5.928722978
5.063623001
3.135128783
1.547825442
1.273040087
2.109974537
2.430235246
1.513860189
0.249017601
-0.136588864
-0.023426985
0.669016122
0.124675997
0.038287707
0.186324709
0.454867342
0.472644792
1.091194775
3.101889837
4.857243679
6.145778521
6.209199978
6.060624169
5.679343842
5.842094797
4.850934831
3.012043545
1.603355057
1.464425761
2.153126798
2.399641337
1.882859364
0.394863762
0.148029782
0.695470639
0.524818548
0.238277999
0.14352756
0.461317077
0.440886391
0.47940996
1.334254925
3.220808363
5.302163553
6.380163647
6.247741571
5.744888858
5.927432745
5.999712215
5.568615379
2.925240618
1.292664267
1.534317391
2.612699896
2.809408034
1.929795226
0.729886893
0.574746106
0.715739719
0.783160607
0.293086132
0.186928901
0.37597412
0.494542006
0.67856959
1.718011913
3.696254949
5.505504313
6.313211414
6.172570313
5.518786719
5.910826581
5.954956714
5.063606009
3.223847895
1.599001592
2.310735448
3.012285275
2.70439993
1.910922194
0.445339984
0.524445862
0.732028739
0.603083753
0.346825618
0.343757887
0.304103816
0.643386477
0.988257455
1.879417955
3.837686829
5.645223234
6.202015023
5.738129962
6.051317601
6.052967662
6.185964774
5.057324142
2.735881612
1.585941833
1.981922518
2.726298899
2.634759561
1.67155786
0.545487743
0.271152534
0.830634007
0.591420162
0.266107123
0.228026838
0.378120172
0.540680992
0.687724062
1.423486229
3.655420191
5.575807599
6.193260336
5.798048856
5.788118489
6.159668684
6.173138747
4.949912287
2.618764163
1.485860324
2.109874194
2.601720364
2.706256074
1.452412672
0.421682042
0.450749953
0.844366051
0.552878289
0.560156081
0.509149287
0.506390861
1.30126949
1.455438097
3.05067837
5.126208121
6.327938805
7.08076739
6.992269033
6.585524347
6.540348735
6.660973
4.986934306
3.114166573
1.978829132
1.894990467
3.081853917
3.085415109
2.377765121
0.822154215
0.616467986
1.072912756
1.263506917
0.793476658
1.009106036
1.17740257
1.357370406
1.667911015
2.638159438
4.667029648
6.290589031
6.437446225
6.584698671
6.331368725
6.125176886
6.558624494
5.465057928
2.494233916
1.485371853
3.10803301
3.166145421
2.322690462
1.64578328
0.296966368
0.148888869
1.128716528
0.755882087
0.69628469
0.892063959
0.557321776
1.13220875
1.185659129
2.200086166
5.001037246
5.871327231
6.088614661
6.434426498
6.328802427
5.442951986
6.119337375
5.09956827
2.245834358
1.244492864
2.568635147
2.46764102
2.703823135
1.437376576
0.979278843
0.640753686
1.103710266
0.715538012
0.639634353
0.819653899
0.90435297
1.069446724
1.217871946
2.066837887
4.650915943
5.12094897
5.282359892
5.989956414
5.850865148
5.322780417
6.273805227
4.61336201
1.661294796
1.009829041
2.451041095
2.497713095
2.569154592
1.311679778
0.606216603
0.00037956
0.588026937
-0.002931561
0.44999686
0.572143746
0.258528432
0.403656624
0.965985233
2.003414892
3.831320382
4.747553231
4.041292261
4.02458946
3.968309243
3.493370821
2.625534988
1.154409942
-1.834064432
-1.709311436
-0.676978573
1.359844294
1.688217592
-0.748339859
-0.99843611
-1.269198547
-0.20516526
-0.378872662
0.793418815
0.817120762
-0.181325671
0.415299553
0.791403659
2.82270001
5.139324231
6.394738128
5.901693642
6.258647239
6.153685917
5.604501744
6.309391194
5.067536833
2.091610775
1.590054809
2.700452212
2.605152949
2.616626671
1.084909515
0.287882358
0.450517134
0.489095212
0.134284162
0.76482512
0.682916086
0.579135959
0.356163669
0.954928145
1.901684192
3.814753788
4.012728126
4.273622237
5.80252172
6.252827959
5.27037268
6.055738811
4.803665768
1.925240394
1.390116573
2.750012099
2.846536774
1.532280164
1.01677311
0.23588907
0.278302143
0.59655547
0.628291472
0.093123181
0.173027425
0.389326589
0.10608371
0.703391535
2.658021877
3.944230394
4.398260427
4.281945997
5.874863625
5.695406123
5.688784543
5.321730317
4.419630987
1.375591945
1.637582936
3.035161209
2.434485434
2.204728935
1.008568126
0.300347694
0.242094138
0.220601465
0.616029737
0.060003025
0.205140356
0.269261452
0.424294685
0.885709083
1.715606411
3.797632529
4.689733146
5.610312239
6.269649588
5.481859686
4.520675929
5.419754504
3.745201294
1.932843794
1.725253752
1.994816001
1.767686953
1.72630482
0.423676806
-0.255002199
0.05172835
0.241379674
0.654249546
-0.241034939
0.285509804
-0.012350945
0.051358694
1.469555975
2.452445381
5.308948179
6.035965319
6.90735641
6.306238075
4.632746477
5.190757899
4.964036186
3.412795417
2.317241895
1.141644221
3.159056421
2.326125849
2.486883167
0.852980834
-0.205465284
0.874787383
0.803886823
0.390731326
-0.431016047
0.655707874
0.655501796
0.368860733
0.626318695
2.905999731
4.934992975
6.270022981
5.920097693
6.356618117
4.481552043
5.881446021
5.725357882
4.348133936
2.879354235
1.093051917
2.874420439
3.008808229
2.282257393
1.120911809
0.850509889
0.82631468
0.409758212
0.906466194
0.435704579
0.686959559
0.475243169
0.327553694
1.270628875
2.329102074
5.603245016
6.189153882
6.161413286
5.537052788
4.593049011
5.478236776
5.890792422
4.49360482
1.883044009
1.063214166
2.595540521
2.879360774
2.501358439
0.893297221
0.22343239
0.418822314
0.379421485
0.891843589
0.496497396
0.635750242
0.165033973
0.603261014
1.239557497
2.674264749
4.690266397
5.770015383
5.199004421
5.519407111
3.488491866
5.339277106
4.819670971
4.339277753
1.298490115
0.65283642
2.002964325
2.925572381
1.746953843
-0.076048166
0.020865624
-0.212505783
-0.011411554
-0.022858374
0.051368842
-0.207590169
-0.415415777
0.087378846
0.794749247
4.744862694
3.724770463
6.706214732
5.775730286
5.326658419
4.103214623
6.126961573
4.708626949
4.077649578
1.588053846
2.032973676
2.639001165
3.600635082
2.313300812
1.228610066
0.518040863
0.421311132
0.435107295
0.402026866
0.284522989
0.229616203
0.126832147
0.35841279
1.387784041
2.677432417
4.039911148
5.067698207
5.150815898
4.651692998
3.913609222
5.085649886
5.38578681
3.651206579
2.037787347
1.62269574
2.807526528
2.784405869
1.712347351
0.570610041
-0.263217734
-0.063024765
0.226046092
0.407674128
0.102413318
0.008747337
0.310560536
0.506712557
1.273523399
2.806525742
4.198343668
5.433532373
4.939790884
4.493731659
4.81995603
6.562736832
5.849860609
4.161038154
2.795386832
1.823097875
2.939927387
2.764470696
1.869050383
0.644379904
-0.038181803
0.130295476
0.199195282
0.248552824
0.078106584
0.290850327
0.308851111
0.441452225
1.020301992
2.557542974
4.207399465
5.626393163
5.241570388
4.69888668
4.104709245
5.018904939
5.381351442
3.767289195
1.926783697
1.569386856
2.575892274
2.413709253
1.896837173
1.048982452
0.455483947
0.106704127
0.336928995
0.269693493
0.448797675
0.373985535
0.250911569
0.450966161
1.036283078
2.482041273
4.720401898
6.012274752
5.676575329
4.44051875
3.951642409
5.158363422
5.459650892
3.414147648
1.587435378
1.276114678
2.186901293
2.157759091
1.810536552
0.82253891
-0.121901712
0.005724103
0.335122984
0.226473454
0.091235075
0.190677279
0.172492602
0.938330276
1.242985565
3.567436232
4.749734804
6.338726229
5.794109623
4.539163858
3.610520151
5.574056052
5.337219416
3.690995456
1.752948682
1.072682231
1.763389669
1.98193625
1.008219036
-0.323752447
-0.292822618
-0.137660379
0.036432645
0.037995817
0.010180141
0.181683706
0.252210677
0.04847488
0.696396591
2.111563211
4.046580996
5.370290439
4.876937749
4.182188484
4.942949597
5.890598429
5.809733608
4.017336832
2.006248511
1.158808063
1.70357072
2.614068318
2.023138328
0.582136209
-0.307936175
-0.067964097
0.879624033
0.441528448
0.226417679
0.148634614
0.581178191
0.450594984
0.6800327
2.87047721
4.938635996
6.134939198
5.959334943
4.086249923
3.413187033
5.591261121
5.976395
4.295246017
2.284063672
1.26967375
2.365440611
3.144939214
2.452841618
0.687749773
0.02179702
0.308656
0.451346714
0.118213869
0.024026686
0.149594807
0.318078694
0.19055485
0.672958318
2.263639187
5.136282787
6.385463755
5.558585159
3.129364136
4.501776595
6.13227377
6.700393453
5.391139122
2.673779945
2.046819236
1.935163372
2.781558714
2.270692297
0.892911478
0.254327808
0.42867526
0.582625868
0.402702329
0.172782741
0.214552649
0.552840878
0.398004327
1.035271682
2.476421998
5.560511538
6.591086979
5.364404455
3.138770488
3.796059225
4.859650126
4.869304919
2.041834625
-0.091587236
-0.296299934
0.952200092
1.634639596
0.636551816
-0.64398615
-1.061186979
-0.695982232
-0.404069331
-0.368538488
-0.49641179
-0.565889965
-0.285315633
0.166959849
0.459997
2.308386052
5.083954615
6.442134621
6.427676072
4.48169956
4.788435515
6.319084349
6.39979391
4.518980765
2.587393045
2.882705987
4.43148781
4.32014314
3.509398831
1.852666651
0.193377832
1.040253348
1.801509733
2.409924806
2.362761866
1.532062514
0.336072778
1.282799765
1.124653325
3.211846899
5.810040421
7.509752277
5.723883621
3.828033859
3.869434906
5.155991786
5.487715815
3.834746135
2.25562945
1.741193324
2.944447659
3.40061098
2.465977917
1.310432698
0.595154265
0.928906606
1.076998112
0.550061914
0.054612317
0.145905572
0.337243437
0.210230752
0.982578106
3.58551098
6.073206559
6.878032887
5.676172654
4.358026015
3.941192006
5.562894135
5.863470124
4.189635989
2.52831922
2.264854974
2.104804424
2.539473186
1.605532426
0.592126324
0.157229815
0.500451079
0.81261991
0.564764904
0.016463569
0.813223675
0.750894637
0.687528779
1.754679938
3.471079138
5.524958377
6.378976367
4.836152364
3.839135744
5.955409043
6.105728602
5.869730251
4.385622757
2.319623282
1.941649825
2.415687282
2.704868108
2.175443381
0.73627677
0.567054516
0.764912789
0.766510879
0.500202189
0.58414132
0.538747789
0.301132362
0.353588471
1.149028087
3.759566631
5.778863508
7.133878842
6.347388081
3.534343613
4.129621511
5.735812114
6.099649924
5.659896319
3.211987119
1.938212743
2.845788403
3.035166521
2.290868053
0.71115054
0.383657159
0.308816711
0.576170057
1.028482855
0.328157985
0.426450791
0.075434786
0.739531388
1.580178311
3.521773028
5.565915716
6.576910073
4.715018337
3.49259121
3.698312768
5.187668591
5.326910769
3.952203947
2.181825049
2.211062572
2.263491222
2.872998178
2.639377622
0.917392267
0.260929696
0.44584453
0.672522678
0.740001804
0.017050474
0.442546519
0.213631421
0.443569609
1.267060839
3.522775809
6.768222461
7.269699393
5.457510988
3.629242684
4.625666522
6.113436923
5.084399391
3.776203508
2.820463688
1.914903221
2.132308835
2.838143125
1.446598571
1.008893432
-0.019731006
0.487419846
0.555809077
0.608258924
0.36107348
0.309166703
0.527141761
1.017058707
1.34747216
4.205759865
7.019345896
7.073164173
6.507168041
4.422068177
5.027990492
6.105394875
6.39661759
4.548528971
2.884302587
2.699144249
2.614910521
3.170045557
2.353582272
1.150269281
0.592663603
1.09234727
1.321957378
0.868243827
0.665687019
0.920558014
0.687495404
0.879352251
1.90734855
3.765580056
6.252740665
6.487908596
5.260038744
4.215033817
4.43628675
5.250800567
4.965697752
5.356845052
1.619247774
1.413086346
2.513997054
2.894973813
2.298901751
1.060845842
0.073949263
0.879617099
0.431899478
0.672968182
0.320564667
0.917533401
0.341642314
0.973131243
3.0448832
4.180205547
6.812084761
7.208742448
6.296579419
3.596849004
6.145388688
6.208565077
5.271188078
4.927010265
1.921325539
2.300666341
2.299367513
3.402356162
2.466253221
0.857210297
0.200226198
0.724782978
0.500210805
0.462687057
0.39852292
0.390248627
0.192320082
0.418353333
1.798652689
4.240567981
6.938487003
5.972489324
5.525098832
3.284820435
6.336654507
5.600822783
4.955731298
5.853591701
2.834229737
2.285691269
2.901397053
2.802453066
2.310640659
0.966285735
-0.046326657
0.795043057
0.37229445
0.250231751
0.731633105
0.585844729
0.424597039
0.66620446
1.798158598
4.472981288
6.497280707
6.965090497
5.616533529
4.621221318
4.699153164
5.38372799
5.110976579
5.564009169
1.858648547
2.313931214
2.729209875
3.352832851
2.709965326
0.865631372
0.160828063
0.812890686
1.23929322
0.722827736
0.613988064
0.854798627
0.398969318
0.376759336
2.746727368
5.220203861
6.504779127
6.072638152
5.451875574
3.500755363
4.473104968
5.504238659
5.453576092
4.403258641
2.966921271
1.787102728
2.396188179
3.416504039
2.596050961
0.825716095
0.217027283
0.761367573
0.775396526
0.836935491
1.162890417
0.572838708
0.719757467
1.226814009
2.898005385
5.003305731
6.65436426
6.9704338
5.416054678
4.512989627
4.221091461
5.383748656
5.504364075
5.186095673
2.89316056
2.017432823
2.105454266
2.922868198
2.631270677
0.756586389
-0.050287896
0.648324743
0.544718688
0.650275352
0.568840258
0.620922938
0.423292358
1.24288012
2.74318286
5.229232654
6.280195077
6.036637927
5.92568678
3.159469438
4.061354253
4.984067788
5.404393609
5.119236437
1.437519298
2.518443863
2.321488153
3.351710126
2.705865509
0.844247975
0.201430887
0.779751262
2.012422042
1.545275951
1.571972518
1.971662178
0.729338628
2.193300711
3.606736864
3.304737634
5.109831679
5.316842048
5.137356631
3.100053975
4.191528568
5.19077607
5.970300736
4.04085623
2.91311943
1.888284051
2.271476715
3.734811742
2.707554737
0.471756409
-0.195762366
1.260959505
1.020113405
0.860128765
0.11596336
0.375449112
0.06684539
1.089999349
2.329622619
4.777646375
6.451033565
6.354763828
5.79720309
3.351355822
4.08111383
5.082793436
5.01852978
3.726124035
1.98184423
1.751564691
2.337543388
3.33499605
2.382644654
0.778351469
0.044534708
1.176973438
0.881857663
0.548801003
0.3580565
-0.008451132
-0.331847301
0.908558874
3.218949348
4.977070157
6.5743105
6.178027673
4.961422169
2.970740611
6.551469965
4.866349995
4.701034386
4.307498994
3.571536262
1.966634722
2.105646537
3.494950589
2.943915885
0.96827112
0.211331046
0.46546141
1.551099456
0.991595984
0.610045565
0.022727074
0.413023453
1.865799143
4.482733318
5.276891537
6.15809935
6.22031424
4.97677521
3.417027226
5.130739548
5.104634928
4.67473638
5.327651808
1.634157449
3.270606652
2.165123873
3.420022904
2.678307663
0.89062012
-0.035998672
1.089350915
1.072297302
0.404209507
0.740356109
0.55264048
0.647643186
0.970982388
3.424127963
4.900803548
6.441933844
5.829301973
5.063530076
3.20734228
5.062261978
5.352229356
5.109115188
5.444177302
1.791826848
2.257029875
2.701795861
2.584694788
2.830941687
0.350577758
-0.050223768
1.481816294
0.876585262
0.426796023
-0.051382191
0.320074761
-0.222476595
1.453731209
4.352766974
5.356466516
6.835445496
6.208902446
5.860218327
3.58184087
5.413523886
5.545458867
5.440609104
5.649006283
1.909349439
3.130524516
2.095716873
2.810180363
3.001775371
0.529485315
0.738695462
1.776044592
1.177535794
1.511483015
0.961401428
0.741337964
0.265434547
1.03410119
4.404828901
4.817631003
6.970315368
6.272097107
6.067223139
3.274482613
6.111869415
5.448199842
4.799296471
5.742431019
1.804598822
3.128223208
2.020867263
3.883101563
2.595922114
0.493904234
0.283697784
1.269666037
0.816287313
0.731088618
0.57306553
0.593526645
-0.105431354
1.354242
4.473925153
5.312786294
6.261823629
6.032205845
4.914164542
3.801927108
6.037450669
5.070953256
5.388460571
5.747253855
2.025468093
2.447959921
2.099440539
3.571000783
3.236997728
0.717191594
0.876530334
0.956287846
0.528450418
0.886360572
0.286808457
1.048260619
0.373935862
1.078028081
4.032245585
5.644485163
6.351532581
6.166146631
6.029220388
3.759634136
5.743515022
5.161517399
5.05667365
5.463698108
2.176298665
2.645646799
2.059784482
3.46510636
2.47196046
0.618313491
0.136575717
1.059955058
0.746236197
0.463453506
0.156353382
0.919277634
0.044245977
0.61263529
4.628602281
5.520683351
5.831018421
6.120483382
5.919467286
4.472114844
5.278663254
5.129526587
4.630557634
5.354930932
1.826258411
2.262673139
2.225520586
3.150104512
3.065509977
0.490820478
0.675288755
1.190763204
0.945947612
1.681655014
0.811917399
0.801641816
0.762963011
1.49406169
4.75350965
5.159996585
6.420251676
5.559523313
4.490377611
2.744011688
6.089425135
4.898011081
5.071140817
5.554680353
1.832465902
2.220792043
2.346799507
3.415615528
2.431975824
1.025397601
0.430043801
1.245570461
0.834112289
1.23646862
0.238730758
0.734011476
0.150182861
1.149795081
5.965939795
5.336869989
5.002184999
5.292052408
4.331270757
3.6008553
5.807130449
5.276553198
4.664608694
4.411691959
2.175934942
3.468079787
1.459022427
2.696381135
2.893455472
0.210743793
0.899466392
0.769063503
0.574729297
0.925365623
0.10944146
0.683637045
0.044429293
1.081286452
4.110014922
5.65733722
6.038281513
5.49162974
5.217788111
3.395279341
5.459937063
5.107833237
4.705864794
5.274289488
2.227954526
2.060335719
2.336586178
3.185533833
2.249110005
0.28028752
0.552948841
0.667081368
0.972915073
0.842645803
0.941300572
0.740121934
0.215786343
1.257529766
4.349649711
5.580291556
5.405008844
5.041059111
4.240490561
4.906288882
5.432511944
5.602290699
5.529524239
6.034017149
3.502703393
2.329682006
2.418944785
2.759518759
2.385747779
0.431604164
0.311892007
0.680542242
0.976562621
1.639462525
1.206415196
0.169528764
-0.385786171
2.448009915
4.250749996
5.315772355
5.461344467
4.856052067
4.64637217
4.434824086
5.580618573
5.074882928
5.118335302
4.290248698
3.335173877
2.411995779
2.373308371
2.977882437
2.450512619
1.157594517
0.199274426
0.924788649
1.259598483
1.088922459
0.707323531
0.238734789
0.430281312
2.0123859
4.316210888
5.498975131
5.189432826
4.810871386
4.582821839
4.797200077
5.306124507
5.041840297
4.972542399
4.886465008
3.424628321
2.745609269
2.438416702
3.112305093
2.457127441
1.217705031
0.373562874
0.974579334
1.323759527
1.082203933
0.509925439
0.375880837
0.420242616
2.074965322
4.324372673
5.589627453
5.498928176
4.969049428
4.010991835
4.164528195
5.497975884
5.44093084
5.092698348
4.764020202
3.552893998
2.877150791
1.961605909
2.611801207
2.765484417
1.001617036
0.114237104
