0.070560117
-0.500119022
-0.641487175
-0.651748877
-0.364960364
-0.615690293
-0.393110955
-0.148764992
-0.109941525
-0.098496936
-0.04182865
0.490809322
0.803558897
0.728706429
0.404305885
0.499898213
0.67329585
0.759092643
0.762062732
0.709121251
0.724861663
0.586816417
0.715740618
0.535492284
-0.12234724
-0.472411703
-0.674983934
-0.608337368
-0.655117343
-0.226196806
-0.418136431
-0.165058458
-0.224668884
-0.218689951
-0.164479145
0.351133052
0.57132091
0.342350287
0.278939053
0.257923887
0.580563224
0.990637063
0.84493548
2.205096596
3.219457062
3.344771185
3.285864764
3.414099359
3.214948597
2.616036332
2.256128147
1.85149093
0.562593443
0.221462723
0.195253993
0.050215586
0.061120583
-0.071517702
0.139338254
0.506073973
0.64001061
1.88918065
0.658861024
0.314971789
0.556500838
3.053241968
1.718510677
2.585588131
3.061128013
3.423015278
3.394146966
3.11085407
3.216938467
2.739052932
2.339886276
2.372825227
2.56500065
1.024987922
0.668335846
0.189137096
-0.033294197
0.103036729
0.389397397
0.713021651
0.895895792
1.675105133
0.763768505
2.359544084
3.109472477
3.407064661
3.551210698
3.566228017
3.809742013
3.853642049
3.925058066
3.420547226
3.483045921
3.034996743
0.708042374
0.051622795
-0.200486713
-0.000660541
0.112705507
0.269367674
0.047904791
0.126189314
0.246214211
0.629116327
1.785018961
2.288371034
0.946343313
2.249430206
2.876870225
1.87135916
2.961674251
3.171933262
3.412776633
3.750223776
3.771218942
3.700560423
3.279759556
2.827142789
2.444958294
2.231048766
0.972452033
0.59962969
0.355018212
0.009194907
-0.035108419
0.16850259
0.352368234
0.737303739
0.968914993
0.869207012
0.220241616
0.499908728
0.721192012
0.935578703
0.932224228
2.738145658
3.023657266
3.526136466
3.541605805
3.391613866
3.067906274
2.890311395
0.71435256
-0.069232926
-0.092817688
0.079670562
0.101913817
0.118394949
-0.055246948
0.118662328
0.411234263
0.714671033
0.868119216
1.841861617
0.822914272
0.530971126
0.677730621
1.021780345
0.98270491
2.577499373
3.172473153
3.624620398
3.73751305
3.767341512
3.317600677
2.923181825
0.738182053
-0.112520164
-0.079101917
0.071952258
0.061232444
0.053905477
-0.042494699
0.162204426
0.419037022
0.713404228
3.065594967
1.816932866
1.223198916
0.971403789
0.741892118
2.224838448
3.6840719
3.613704905
3.527731848
3.707678676
3.851134339
3.916874537
3.482464268
1.202562803
0.247412666
-0.196793479
-0.243745369
0.01550974
0.204940067
0.248909495
-0.11693176
-0.118413301
0.439458861
0.761775053
0.928728544
0.478021537
1.294796985
2.333632949
2.959365536
4.076557461
3.943839281
4.025433149
3.739835411
3.781875238
3.732712668
2.045043035
0.97033194
0.085481528
-0.365024297
-0.560245303
-0.239436682
0.120793113
0.051483101
-0.163646715
-0.018081946
0.062292426
0.314858122
0.787692777
0.718293186
0.482568222
0.275940827
0.50259225
0.101928092
2.610517234
3.404174078
3.662340887
3.604101633
3.705007778
3.562665182
1.657112897
0.730572325
0.058749276
-0.22456994
-0.357856563
-0.279067339
-0.099324763
-0.033655707
-0.087514473
-0.019918114
0.041772303
0.220541465
0.343605448
0.5639583
2.077753276
0.929765513
0.419816639
0.74711418
1.135662798
1.389352154
1.348535005
1.136568731
1.085006846
0.783482873
0.546965073
0.178741972
-0.477315111
-0.489696955
-0.461032773
-0.233058386
-0.153517091
0.053926362
-0.001292403
-0.132248814
0.021071012
0.230178317
0.641756935
0.689465744
0.396387949
0.243861249
2.273267919
2.752472418
3.588225431
4.311168174
4.094759581
3.774352986
3.494063973
3.42963455
3.243126745
2.964940707
2.903421081
2.697395467
0.631581612
0.082022237
0.096819532
0.058752908
0.109713808
-0.044735791
0.082524581
0.270392847
0.551777212
0.574795855
1.792029761
0.851896069
0.616011558
0.975330759
0.954171528
1.193437435
0.8536309
0.962030289
2.112122568
3.16280056
3.117769703
3.241169045
2.829844386
2.047420035
0.229746662
-0.051481629
0.020997257
0.079551148
0.15726377
-0.18762841
0.105881715
0.371191788
0.623261828
0.649489794
0.404760922
0.27054702
0.371030822
0.832093659
1.059932436
1.003402446
1.190851778
0.949060187
1.202042121
0.963503778
0.51607291
2.062519241
2.326719521
2.090281192
0.303937439
0.041794645
-0.117543648
0.085346965
-0.042993579
0.079509844
0.00927077
0.322302995
0.548336247
0.591373448
0.313161172
1.810426243
0.888257638
1.84903002
1.347399445
1.076879371
1.064699383
2.914041031
3.4834183
3.532684195
3.320065172
3.090495087
2.57609076
0.298931389
-0.472104644
-0.290168304
-0.06926628
-0.076162712
0.035997775
-0.07617058
-0.133503337
0.20831488
0.515373851
0.581824578
0.37686202
0.20019639
0.399213545
0.544005555
0.761926478
1.112783362
0.894141205
2.689177993
3.076936879
1.341352059
1.180198322
0.475589424
-0.477529768
1.387342195
-0.049031462
-0.154367954
-0.315430793
-0.0523331
-0.082654704
-0.120964834
-0.190935588
0.119569747
0.609861675
0.487954828
0.217787727
0.153486068
0.386535652
1.61687744
0.924204401
1.059822768
4.262485516
2.082620183
2.861577635
1.458414038
0.920652249
0.84792862
0.153862687
0.95151321
-0.181290798
-0.379453694
-0.102168644
0.111729036
-0.067327205
-0.105652386
-0.042564173
0.412216762
0.50369369
0.567471196
0.19480096
0.119715134
1.927735635
2.647629719
3.897960975
3.685407354
4.159397128
3.849262551
3.393727403
3.18007063
3.708079612
3.377293956
3.043034608
2.00207674
0.280867913
0.315774808
0.264777457
0.036563031
0.070369529
0.084215093
-0.026294203
0.221427502
0.433412077
2.972580221
3.060067485
1.327824476
2.910161836
3.308620623
4.387689599
4.222454954
4.522720723
2.445601002
1.18817848
0.653590333
1.924853311
3.181538404
2.531202772
2.158387172
2.408955454
0.752328567
0.308822108
0.266397715
0.342428828
0.078570202
0.024460662
0.170095826
0.656207377
0.522932375
0.304539184
0.440987247
0.800561993
0.83159844
0.749152805
1.052168458
1.236298354
0.994381281
0.515424413
0.288731947
2.62377985
3.455165087
3.017407515
0.210260991
-0.593462359
-0.489823916
-0.221293658
-0.064933851
0.018615965
-0.092122283
-0.135034254
0.327987518
0.560756303
0.443658343
0.283930838
0.419865207
2.76530256
3.755302457
1.265995067
1.120495861
1.397440729
1.046000368
2.672629958
3.177680421
3.792256032
3.729132002
2.951029025
1.906099275
1.649594063
0.200794399
-0.19516705
0.969969947
0.59862758
-0.055260468
0.015122186
0.410153312
0.618119145
0.448118798
0.667103069
0.636517872
0.699022348
0.734094352
3.005046765
3.37935192
3.885342772
3.421204337
3.615735909
3.289799942
3.83671494
1.687931569
0.264757389
-0.096226722
-0.304177303
-0.137958701
-0.060995078
0.017649406
-0.123167947
-0.153147223
-0.029359555
0.097698921
0.375271019
0.522942997
0.265902999
2.434687092
1.628818801
3.468569402
2.01212775
1.158817253
1.389847242
1.536171274
1.251432399
0.870052972
2.812769463
2.837234286
2.70595053
1.94914775
0.291955077
-0.603107187
-0.139843045
0.001096446
1.310102603
0.323514088
0.158078081
0.413678806
0.490351597
2.906320536
1.118904608
0.432476484
0.873888435
0.854864779
2.607589012
3.281988034
3.028593768
3.293288334
3.522194771
3.411738643
3.368283904
3.379181071
2.232551703
-0.091866643
-0.652310063
-0.042756067
0.474839803
0.026472868
0.027788061
1.349133988
-0.038128494
0.238638506
0.57861574
0.680103193
0.4122468
0.697890457
1.148723411
2.705122799
3.032993162
3.500849893
3.331709607
1.806140161
0.803851982
2.984901971
4.038185579
3.515128041
2.432175468
1.534398718
1.405869914
0.592230476
-0.003223346
0.100205937
0.06733377
0.035769108
0.166302002
0.375470636
0.50885725
2.510032821
1.21862771
0.446599666
2.854689417
3.345031548
3.116821546
2.542061337
3.342903127
3.353320635
3.257020786
3.392635729
3.403570243
3.225956113
2.776880731
1.997895661
-0.094910445
-0.276684342
0.211510213
0.300975989
0.247501105
-0.028105101
0.15240163
0.465953845
0.45412389
0.384828276
2.601172905
3.476408193
3.943721124
3.271120529
3.001988306
3.271968242
3.279892305
3.21699416
3.633980414
4.757601454
5.520648431
4.267635306
2.860310556
0.406585882
-0.314670611
-0.006933764
0.3756863
0.324866611
0.425532335
0.476648366
0.304409342
0.325579133
0.639418035
1.975882444
3.058464345
1.572428013
1.220021048
1.491462955
1.903555258
1.301809174
0.539643192
1.504084107
1.548603912
3.570225865
4.579593663
3.581428302
2.798540146
1.124423294
-0.19713998
-0.183411024
0.415403228
0.45406175
0.082446531
0.032226633
0.064224327
0.34830188
0.653316841
0.714946489
0.584398975
1.952400646
1.372609449
2.493025554
0.950282089
2.505657809
2.998770054
3.383407512
1.424698013
3.266317904
4.351908722
3.305393825
2.17170789
1.128896831
0.129316261
0.066366894
0.339473313
0.126268711
0.129920545
-0.009416294
-0.174018392
0.215182499
1.034158851
0.668673882
1.318921992
2.958375901
3.510280526
3.040172411
3.773790097
3.581165467
3.443639172
3.152191048
3.701078273
3.970288562
2.303053988
1.177711368
2.069625455
1.825363416
0.264161735
0.199822143
0.267925915
0.215738067
0.220612049
0.238880286
-0.265949933
0.113305157
1.005470698
0.757672672
0.560298555
1.010032177
1.617033301
0.966933315
3.030719522
3.562895461
3.04618549
3.325558684
1.997765652
3.400572445
3.459499527
3.928898285
3.112285306
-0.064038851
-0.643723724
0.254856323
0.659290588
0.04256048
0.153856308
0.202637707
0.045400971
0.301979044
0.855139962
0.795403164
1.939211956
1.153109742
2.673237801
3.458339837
3.226339741
2.865318599
1.482189394
1.480657522
1.868081224
1.935813085
2.079799571
3.838893387
1.287263288
-0.252203034
-0.412119853
0.357182368
0.281299778
0.123356203
0.103086765
-0.014306791
-0.153069632
0.039529094
0.71536105
0.734941641
0.308623141
0.777543931
1.407376536
2.313828981
2.559581075
2.968349652
2.856543058
3.014867497
3.38321591
4.613858534
4.809396496
5.274073407
2.319956894
1.435420675
0.028196052
0.046318751
0.098018455
0.641058184
0.217994454
0.110331711
0.052218295
0.330182499
0.564232456
0.585978534
0.617778922
0.955113214
1.385804926
1.697866848
1.108973986
1.158449509
0.915060872
0.981075623
1.107841803
1.596120615
1.956708703
0.743293731
2.042653971
0.212956583
-0.777960631
-0.712822696
0.142835023
-0.200143186
-0.109599785
-0.433336942
-0.227701831
0.307370469
0.570826013
1.660448961
1.113617631
1.082630707
1.222475479
1.564003659
1.152017841
1.068510331
0.487850805
0.421368755
1.516801216
3.499744112
1.771285504
2.58464441
2.608239436
1.613095182
-0.076111484
-0.016059079
0.221435138
-0.196074194
0.027361843
0.123773425
-0.148313205
0.052705294
0.396212208
1.654311362
0.577988986
0.880697371
3.082234027
3.14519297
2.930302627
2.815445032
2.716931798
3.22138125
3.594380123
4.109272584
3.876611369
2.06061221
0.396222926
0.249807229
-0.238407861
-0.229699755
-0.137933393
-0.227152864
0.072155026
-0.031508893
-0.27149133
0.322344024
0.890318232
0.477121368
0.487814896
2.308818138
2.264480633
2.541441519
3.626539861
3.188507726
1.266224914
1.364972889
1.897589474
1.824551579
1.807917198
1.870826641
2.331641084
1.529306759
1.220629086
0.440816441
0.076839963
0.132500967
0.037800302
0.027518384
0.031297384
0.336121775
0.587035189
0.693612014
0.718676868
2.36201183
3.527948434
4.3205652
4.353465921
3.320343721
0.909914747
0.779218721
1.666014829
3.206827172
2.260486827
3.096342528
2.867069156
0.455736247
-0.937527354
-0.834689949
-0.055090902
-0.229373894
0.013900647
-0.276463549
-0.156764138
0.237024356
0.592188295
0.487921337
2.146161667
1.377902577
3.289567844
3.683028841
3.81569787
2.649427419
2.724139898
3.338855878
3.229170873
4.768842146
4.390099852
4.132780251
3.439887191
0.817183238
-0.555070529
0.004628981
0.068062319
-0.030965071
-0.059185504
0.007046485
-0.115446575
0.229776375
0.649063633
0.710385989
0.597790427
2.697082608
2.202269002
1.726771758
1.288680727
0.86281138
-0.041834663
0.50112178
1.805943553
2.081672479
1.658556913
3.086531055
1.970217553
1.494762597
-0.359597249
-0.36345994
0.253900399
0.23148593
-0.088497668
-0.140034619
-0.08115012
0.316886269
0.589976266
0.674881637
0.724818883
1.083931659
1.524745836
1.681948529
2.384601936
0.781296994
0.415620604
2.372911768
1.488031478
1.969491823
1.929134498
1.389994245
0.101828839
-1.667664399
-1.52983256
-0.629762179
-0.191530965
-0.263328347
-0.189656565
0.063743326
-0.020973069
0.208399014
0.36880327
0.530864477
0.56700263
0.883609831
2.785871817
3.490580862
3.015576066
2.60097717
2.589038279
3.637824584
4.478095308
3.861508454
4.203094723
4.325975478
3.081420733
1.329775486
0.07759229
0.221455751
0.437343353
0.425573926
-0.010474914
0.035395006
-0.05455214
0.144647523
0.553684025
0.604863453
2.004918758
1.493480739
2.949371708
3.609152402
3.422053468
2.953690392
2.752193784
3.093712038
3.574485615
3.635989698
3.926355777
4.16239781
2.871805283
1.053353448
-0.076240334
0.073575507
0.24091848
0.178715388
0.218035131
-0.039268049
-0.152473919
0.185374003
0.739317967
2.707396642
2.815741815
3.144045283
3.792106278
4.16528281
3.512028289
2.772001049
1.343539522
1.30775328
1.254858234
2.778909827
3.518175714
3.477222653
2.315955666
1.188012708
1.790093009
0.570152605
0.290075532
0.219288458
0.188246856
0.148351582
-0.022085595
0.210325516
0.786913096
0.852872655
0.867557597
2.378561934
3.52509749
3.916310202
2.978978234
2.327974362
2.868039698
3.324313214
2.178738157
1.708097095
1.757275739
1.265303814
0.108875092
-0.767856706
-0.97558843
-0.820203186
-0.342838939
-0.050793391
-0.109508347
-0.060875869
-0.308050561
0.137145039
0.601931869
0.919194473
0.924022393
1.047878673
1.71388724
1.764643935
0.642938804
0.166976296
0.374497728
0.575094522
0.848611931
0.899738564
1.3714018
1.032670885
-0.143615521
-0.98414706
-1.520270018
-0.634157503
-0.279333205
-0.467189007
-0.181934964
-0.062951418
-0.157866991
-0.026754665
0.576639061
0.723571514
0.883011727
1.241540828
1.334435971
1.411490748
0.81452755
-0.033403364
0.014736898
0.639481569
0.812509431
0.830017866
1.157899151
0.987753971
-0.241445092
0.740192117
-0.542152419
-0.376699663
-0.221413149
-0.327565399
-0.318794498
-0.146245036
-0.255689071
-0.067289798
0.383070956
2.461556018
1.187881078
2.402154765
1.852318169
4.263859765
1.960314126
0.810855863
0.589637006
1.863295105
2.524261574
3.678434781
3.876804439
4.025458115
3.189351611
0.199898897
-0.532967827
-0.596528125
-0.226588202
-0.075795173
-0.045577285
0.092367427
-0.072596195
0.058449203
0.458751366
0.754743944
0.662447814
2.436344629
4.180149594
3.951120508
3.095031739
3.44930617
3.137427736
3.756788848
4.11401717
3.597023454
3.90783912
4.242304002
3.285173565
1.660911638
0.230681701
0.001407905
0.197689582
0.042826417
0.039219854
0.157787363
-0.025158469
0.138094165
1.684763371
1.020328262
0.995509333
2.810356663
4.059923957
4.11118196
2.065731455
0.808278116
0.739077433
0.728820168
0.675388179
2.509947468
1.903956493
1.611283403
0.363687363
-0.869034157
-0.534620517
1.204918826
0.643983392
0.14493387
-0.127441825
0.039648249
0.141502304
0.375870217
0.443367701
0.709117316
2.419369982
3.490405414
2.310078616
1.475376656
2.371821192
0.924600574
2.022202062
2.990959067
1.661202055
2.780881936
3.406756621
3.635218633
2.825170718
0.712788189
0.03444456
-0.06164885
-0.170791467
-0.004896638
0.098309074
0.152388175
0.028230915
0.181819476
0.359621925
1.91304275
1.711460068
1.738393015
1.36606473
1.26824013
0.280950611
0.483878354
0.16890163
0.663744109
0.765383843
0.882683683
1.073810196
1.03006634
1.193332772
-0.323033839
-0.734835427
-0.303570757
-0.389137638
-0.353943746
-0.209153588
-0.080669055
-0.016708956
0.411872378
0.519494461
0.54104349
3.560747796
4.856671987
2.539404682
3.411248804
3.543805122
3.602352946
4.277298464
3.884600512
4.070551913
4.062311503
2.723095661
1.852550347
0.621148
-0.676113939
-0.851671373
-0.321814794
-0.097092621
-0.521561049
-0.099305489
0.034469918
-0.033470765
0.210600344
0.515636013
0.957454052
2.561432762
3.009610242
3.83976269
4.414189504
3.976309992
3.742010229
2.215881991
3.563066566
3.72413944
3.950394837
4.010693206
4.135583175
3.393907358
2.596829736
2.511515025
1.051772075
0.648741608
0.278113579
0.118336825
0.407967382
0.121214822
0.240153056
1.951251684
1.74429785
1.486975643
1.458414375
3.383256268
3.704544498
3.40794053
3.404331153
3.684630687
4.09958196
4.174433976
3.911233565
2.695614148
1.780902546
2.342976467
2.013655142
0.419474553
0.288970269
0.087657326
-0.045769285
0.113204464
0.145509221
0.165323103
0.283595307
0.767299391
1.134889572
1.433224564
3.320201471
4.452261414
4.338058035
3.607828226
3.653798385
3.98381717
4.74264173
3.693604518
3.807736631
2.509556725
1.809219746
2.47500171
1.907883614
0.292671487
-0.011354078
0.238299529
0.153232189
0.101275638
0.245696034
0.200754084
0.293343274
0.622568263
1.126569932
1.501657553
1.548997531
3.544692117
4.079572576
4.031295358
3.514055573
4.116477248
4.3531657
4.239065146
3.591686317
3.449290106
2.254204093
0.864254761
-0.014074388
-0.381191992
-0.077072031
0.013737745
0.033028208
0.098096833
-0.049163724
0.036166012
0.278682821
0.630192054
0.902637993
3.236086939
2.529525993
4.159718113
4.363211336
3.832464516
3.626327603
4.330390331
4.624149565
4.484604658
1.71636988
1.429355235
1.250181494
2.166284965
1.866792729
0.203790094
0.396585622
0.277399288
0.262402303
0.136768818
0.184122301
0.171732893
0.230136065
0.565668684
3.023594395
2.176769876
1.956037787
2.01369079
2.968744431
3.494533703
3.901721117
4.324501456
4.669147493
2.174286181
0.809603045
0.821676263
2.553613165
2.734125943
0.461890182
-0.585906414
-0.20747171
-0.070793128
1.44709767
0.451164502
0.117049446
0.18843756
0.643971763
0.877958276
1.306660266
1.408487227
1.914823904
3.765914613
5.067469625
3.112499292
3.444718628
3.445344165
3.451842547
3.164420274
2.877624878
3.445911678
3.704680288
3.158104149
0.551266288
-0.236480212
0.076422302
0.217024633
0.134962704
0.005216099
-0.059055326
0.155865448
0.396805236
0.642059735
0.804145385
1.395231606
3.484717308
4.121338624
4.17749256
4.340991024
3.841559635
4.566228973
4.843365279
4.168321337
1.692581883
2.433510235
2.985555457
3.004612807
2.070688714
2.013315421
0.642420359
0.65318471
0.283606173
0.718925856
0.095298906
0.19760928
0.917238875
0.843816216
1.300538288
1.429597479
1.823321758
3.928366921
4.616208323
4.120127873
4.212737933
4.633285804
4.419286884
3.439879405
1.348865196
2.085934361
1.81495933
2.6845212
2.326665607
0.215748557
-0.048689432
0.410066733
0.28536861
0.060951305
0.137435911
0.236956327
0.604040092
0.855954055
1.150692692
1.6303744
3.937675415
4.787088833
5.122298753
4.373425759
4.50856462
4.930951781
4.592105219
4.131481114
2.558479065
3.222948712
3.679433715
3.397689945
2.490284782
0.443541297
0.085884023
0.311142698
0.171085759
0.108484602
0.015589045
0.406180871
0.604683522
0.703515975
1.074307034
2.002650014
4.96374901
5.143054301
4.849606124
4.545870521
4.50787777
4.175225184
4.246352334
3.792567959
3.080516298
3.152906086
4.24942692
1.523057538
1.867100997
0.003337824
-0.053554629
0.486407507
0.265841363
0.133935609
0.096412794
0.510722609
0.300429905
0.578547855
2.617687077
2.033650199
4.682122734
5.267157951
5.342651447
4.22132457
4.592005009
4.507392274
4.61339031
3.705757398
2.70077046
3.203427949
3.70094191
3.577403067
2.096291944
0.258031862
0.130068091
0.581326695
0.215303726
0.057054057
0.351054672
0.282972332
0.546656992
0.635629079
0.888212429
3.666990442
5.399138519
5.133617202
4.759672705
4.477050761
4.530202537
5.075783772
4.888596195
3.582099905
0.794716223
1.559786614
2.959271607
1.417754943
0.775101862
-0.02193601
0.109166237
0.356192971
0.392071448
0.030686818
0.234457484
0.156197424
0.283883776
0.658349771
1.237533386
3.192930233
4.360817403
5.650998447
5.008949182
4.412920574
4.488809934
5.052831905
4.697374575
3.786106
1.120457763
3.232805128
4.162586574
2.745755578
0.555221757
-0.218992657
0.038569057
0.167465559
0.323726325
0.106228214
0.378136204
0.16102352
0.371925374
0.687196186
1.11801556
2.084281782
2.931106913
4.686699873
4.735210225
4.277362822
4.872788825
5.079707119
3.691399173
2.683147548
2.149368268
2.717982398
3.263615757
2.625808595
1.813248664
-0.224007015
0.089915265
0.450959914
0.161198201
0.11110567
0.20509749
0.247787548
0.379816203
0.60214519
1.373971903
3.314014954
4.439817812
5.471585753
5.789501791
4.759609894
5.369561144
5.518698444
4.694457379
3.759412746
2.770421842
3.179834378
3.869569149
2.377945218
0.369657137
0.045829708
0.188814582
0.20387806
0.176072645
0.319353384
0.371139751
0.253328014
0.383395146
0.791012921
1.39010079
2.465224111
4.128671436
5.299947464
3.642286273
5.354802591
4.628004225
2.880075776
4.34086893
1.452456648
2.319803782
2.912840345
3.32078284
1.313771033
1.318434645
-0.201025184
0.052083595
-0.020450947
-0.125908714
-0.192403229
0.049018939
0.068106107
0.365495142
0.665139083
1.501565912
4.370754522
3.191611717
4.882784152
4.346528681
4.881711746
3.904176643
4.462564912
4.081690424
2.721700237
2.156216696
3.185700833
2.424578792
1.42432502
-0.260656998
-0.530832763
-0.196128584
-0.035575947
-0.251033813
-0.425973416
0.027456404
-0.063955835
0.145747041
0.479637572
2.25868452
3.622409661
4.723297247
6.30362523
6.84278594
4.800333366
4.898961352
5.045265191
4.559343031
2.708665826
2.523113453
3.023467906
3.378004339
1.97513006
0.383350192
-0.354611922
-0.421650235
0.296785606
0.175208277
-0.059231827
0.117772173
0.140760683
0.075878372
0.631687195
1.607853379
3.525138453
4.067576938
4.438316916
5.680056474
4.41332965
4.923603162
5.096706493
4.396815638
3.144574194
2.196068809
3.050588449
3.252449145
1.77542746
0.112951471
-0.549347288
-0.363033625
0.137643207
0.404976193
0.026957556
-0.198061009
-0.01133384
0.309879855
0.552381855
1.260323446
3.556160979
4.617555969
5.12923147
5.275939862
5.131706248
5.235132725
5.179799862
4.432465446
2.492398702
2.259749658
2.501121914
3.253268865
1.595862584
0.414249369
-0.364127241
-0.169893073
-0.093485837
-0.005812774
-0.099861105
-0.105627816
0.015780952
0.28357935
0.681556454
1.760832491
2.739049917
5.128027261
5.132945231
5.028173036
5.077075186
5.25301584
5.067348838
4.156552188
2.979867218
2.466753294
2.871084705
2.992020036
1.713933398
0.249734197
-0.16710583
0.337439803
0.313542128
0.175967388
-0.071704298
-0.048566007
-0.031926592
0.737642375
0.774081657
1.65597792
3.174137972
4.770376774
5.069782541
5.164949907
4.932711503
5.218063369
5.01305302
3.94651767
2.16131604
2.37728846
2.543803446
2.432922192
1.601577679
0.214649026
-0.243840509
0.063888529
0.302426841
0.178032001
-0.055033685
0.028014728
0.017263841
0.235666636
0.69676336
2.229637547
3.58512737
4.945437082
5.429260406
5.449816401
5.269883823
5.605033912
5.250279076
4.289609575
3.142500507
2.660397331
3.272455981
2.91466339
0.938967599
0.133290091
0.188667052
0.26555783
0.354167827
-0.008347582
0.070821413
0.139665629
0.177892991
0.11672409
1.02292033
2.236046514
2.844780373
4.556007194
5.387090241
4.911754919
4.814361235
5.39263696
4.992029995
3.117795457
1.549136171
1.968633842
2.495798999
1.76336559
1.077360691
-0.117047739
-0.064142522
-0.038112255
0.014678094
-0.3045195
-0.129886238
-0.194052589
-0.035996637
0.136684167
0.620591224
1.673251126
3.639600055
4.794984694
5.061935451
4.855682703
4.448191007
4.54378016
3.739262813
1.894851442
1.341415916
1.158643332
2.038365362
2.342356923
0.780668039
-0.822712299
-0.658071231
-0.216056531
-0.68984278
-0.520185682
-0.540335994
-0.21156064
-0.258032063
0.180921733
0.420104751
1.675742771
3.012793441
3.795499981
3.378848159
2.567406019
2.440677706
2.241557361
1.589889182
0.217368605
-0.485627413
0.076408936
0.388243175
-0.042673642
-1.078534341
-1.652990375
-1.449573566
-0.821884002
-0.530956257
-0.661508418
-0.47976229
-0.28299681
-0.334521491
-0.243407647
0.280386141
1.464752963
3.90382554
5.731023815
5.445145151
5.167946158
5.019032694
4.957888933
4.335356636
3.50023932
3.217093147
1.977457036
2.803083066
2.574969726
0.787898114
-0.296262786
-0.584648629
-0.350349383
-0.275737517
-0.317297926
-0.335245737
-0.245991031
-0.209345377
-0.150465008
0.533069714
2.772575601
3.133842962
3.472565827
4.223039072
4.580233468
4.620015477
4.842521923
4.370796549
3.404559255
3.108136818
2.251518115
2.919347031
2.520576322
1.862510054
0.409523531
-0.046513262
0.069858143
-0.122193386
-0.268038905
-0.272773871
-0.082687233
-0.164717283
0.042698771
0.748193738
2.98082594
4.456704607
4.919025851
5.170637786
4.945948959
4.843771384
5.128701464
4.678406214
2.139298558
0.922102704
2.292588609
2.889469642
2.214173197
1.322195401
-0.051378671
-0.166217673
0.088583719
-0.159623444
-0.09527572
-0.057314483
0.101173785
-0.053140177
0.070606649
1.024692044
2.068849284
4.803737047
5.234656045
5.193057315
5.048074013
4.584383009
4.345813397
3.444427808
2.491157877
2.542262841
3.114857523
3.476999561
2.526012521
1.643154937
0.221762782
0.177889234
0.202439427
-0.06024062
-0.024543252
0.200740644
0.243423869
0.067585065
0.070350499
2.009245393
2.92900295
3.33944515
4.712762522
4.971041619
4.764612735
3.510235571
2.927886361
2.089783697
0.645621917
0.258655452
2.05362411
2.38549297
0.99690737
0.250364821
-0.428386082
-0.118509179
0.077177397
-0.334824662
-0.296888061
-0.298751918
0.046960258
0.021603391
0.111236788
1.048491223
2.131753544
4.87799563
5.672404735
5.314483972
5.115730168
3.318371469
4.132679157
3.916712673
3.159684155
3.563135268
3.75551574
3.543868442
1.656540132
0.013543425
-0.550377513
-0.107125613
-0.029842013
0.063010405
-0.275796917
-0.236281347
0.022158162
-0.028411883
0.090597336
1.863495617
2.707893086
3.459665781
4.628067757
4.911283828
4.425116465
4.407331232
4.536966129
4.524619694
3.809326096
2.438126805
2.187825004
1.802651194
1.520049215
-0.265054079
-0.617886293
-0.21810362
-0.092023946
-0.22063479
-0.187764826
-0.177352101
-0.04465261
-0.125041332
0.239172751
1.103309815
2.076221845
4.687512316
5.995183227
5.664141862
4.792997911
3.267676016
3.895304954
3.431354205
2.703999926
2.304933985
3.176863551
3.201665008
2.402704237
0.469903152
0.38400645
0.276846611
0.279645987
0.05101394
0.077440879
-0.171122751
0.112370489
0.190330083
0.233251991
1.136314654
3.326025804
5.716819413
5.899221188
5.227700848
4.645607756
4.437793795
3.66444706
1.733434364
0.492480124
3.096367877
1.969692926
2.067394584
1.75615622
1.051719685
1.165090964
0.698637035
0.678753706
0.426085285
0.039098379
0.272589008
0.095973429
0.207179553
0.487453522
1.566112022
2.708830874
3.61781189
4.56134821
4.309653155
4.111853211
2.545502535
2.395785584
1.493072345
0.70485076
0.511706556
0.929485397
0.922012234
-0.194287578
-0.097406925
-0.791658474
-0.372736347
-0.423207769
-0.321405927
-0.352585195
-0.177185699
0.036767318
0.153105398
0.327496757
1.192490446
3.652082614
5.07625511
5.787830905
5.007607003
4.208357053
4.026739689
4.952742108
4.518451526
3.922445803
3.595065166
3.812626939
3.443340351
2.678103296
1.832509236
1.705017897
0.849373537
0.375420338
0.430740623
0.244803622
0.018047986
0.02834111
0.257237968
0.379425315
1.195414418
2.535238641
4.374344157
5.646975892
5.3364292
4.483930821
3.863889698
2.734780198
1.575357377
0.47244054
0.297113745
0.983812418
2.558104572
0.894627675
0.492097172
-0.40759726
-0.333012992
0.046413868
0.002773936
-0.14171353
-0.094790867
0.007598027
-0.013040375
0.318562434
1.075869847
3.691684096
5.256130466
5.699163189
4.791884036
4.201565904
3.373952589
3.649344994
3.185958229
2.528347528
2.709393486
3.200496842
3.44493365
2.71313588
1.849576419
0.158499255
-0.06402759
0.32002998
0.175960839
-0.021685795
-0.017317659
0.167861164
0.167418495
0.26951331
1.026773178
3.739306308
6.668750671
6.270122815
4.487058009
4.054847199
2.190463011
3.029523796
2.930948228
1.06814282
0.702351919
2.238208687
1.807380014
0.645635242
0.548580097
-0.45162293
-0.345131354
-0.043394379
-0.225169065
-0.099378577
-0.036686657
0.083734602
0.143691451
0.27753774
1.166787868
2.576064202
3.44932009
5.980337024
4.742503121
4.071510067
3.365190679
2.169730885
1.348422531
1.247536515
0.473753065
0.782474016
1.114066415
1.717390659
1.063239214
0.727743716
0.147602243
0.127767077
0.152172241
-0.217473231
-0.067969975
0.128834761
-0.06373636
0.308387044
2.995927413
3.307160226
4.802030929
5.357367845
4.378677243
3.54263067
3.131463008
4.52185281
5.112432552
4.153790744
4.04139283
3.889555478
4.018871402
3.262710754
2.332573126
2.169517433
0.738407769
0.435156674
0.290581268
0.181748629
0.062698705
0.151577939
0.218588631
0.438984786
1.358543336
3.534087597
6.425846855
6.196874849
4.965162026
4.627261639
2.242382113
4.03027306
3.672057466
3.273640205
1.733447753
2.901523451
3.440822744
2.987400114
2.179689902
0.375269184
0.112394957
0.177557777
0.235357455
0.224421438
0.311572487
0.391992322
0.341154512
0.493895773
1.417504599
2.877945912
5.912144549
5.958412649
4.893931628
3.883783728
2.346288224
2.06055689
1.389533464
0.682659991
0.575061985
1.17324112
1.435072174
0.634973358
-0.407245552
-1.007021994
-0.92336483
-0.384672566
-0.08873434
-0.165618914
-0.083186665
0.0207659
-0.012525742
0.334987502
1.454191924
4.887735627
4.811626168
5.507229215
4.213047579
3.670668115
3.072842945
4.286557075
3.949811206
3.043614013
3.005779902
3.426252524
3.789904343
3.099101457
1.960469471
1.609590167
1.448273041
0.73489934
0.751251684
1.229475606
0.792424875
0.291136486
0.441864797
1.423516156
2.970855705
5.238279741
6.164160433
5.764623747
4.270307276
3.799021886
3.142600608
3.624030904
3.829969883
3.183791241
3.026619852
3.499503398
4.085278502
3.547564828
2.411650809
0.22963586
0.340952186
0.621165024
0.139000242
0.095949737
0.26504387
0.194362788
0.344111133
0.702357919
1.712484526
3.605886797
4.381283744
5.30644753
4.16574873
3.415257937
2.310674768
1.715049875
2.803604308
1.948020322
1.122394845
1.512857028
2.374302936
2.147161653
1.305947033
-0.046128746
-0.626318561
-0.51212534
-0.206217612
-0.195690124
-0.111358167
-0.05954592
0.242991578
0.839658004
1.628628675
3.966254408
5.192975547
6.012432889
5.197031914
3.457574721
1.875566656
4.295247328
3.692414451
3.241318286
3.861734438
3.63494478
4.000679989
4.04693014
2.412210991
1.037155581
1.284675833
1.382289221
2.222998437
2.243189336
1.92665693
2.38073618
2.588759221
2.999237815
3.906845122
5.306651733
6.402580769
6.703985372
4.986308776
3.517110802
3.597921375
4.672556771
3.586344897
3.368122831
4.378415079
4.133404726
3.991787526
3.731615632
2.294730252
1.51159483
1.597948077
1.210549714
1.99431155
1.332504571
0.631129322
1.501719157
0.844302241
2.044341423
3.465948626
3.928995106
4.300098379
4.735203952
4.562779314
1.344625335
1.134962037
2.059263634
2.285904615
1.501924736
0.871529899
1.172073205
1.600149296
1.792531809
1.464343167
1.09448224
1.221020298
0.787806129
1.493461685
0.914722593
0.491011275
1.524204565
1.027482769
1.122991616
3.062802038
3.725448934
5.922216959
6.466608563
4.941099832
3.07422037
2.467198719
3.689286931
2.378801544
1.398290115
1.521079472
2.207078313
3.095961046
3.196209189
2.226217896
1.400463571
0.547135278
1.770429873
0.825958517
0.457058636
0.454418768
0.476516478
0.528320794
0.828400732
1.604911765
2.921701852
3.821942701
5.02604057
4.393056171
2.676376669
2.128135703
2.324451819
2.421477577
2.169716589
2.865439747
3.194573137
2.258323951
1.932794792
1.445347218
-0.441662768
1.260463837
0.932537684
0.319728617
0.879199859
1.191830991
0.830003467
0.686711986
0.837375092
1.871879109
3.73974039
5.591970025
5.865155653
4.526345446
2.322531672
2.838911196
2.764999919
1.95867769
0.920128919
1.935620923
2.83066558
2.656402747
3.054263041
2.619005965
0.587266352
-0.130022769
0.917991153
0.698226507
0.266462855
1.475104882
0.77119291
0.590910095
0.719780773
2.601747024
3.61078848
5.595621713
5.579567453
4.961295647
3.247779357
2.84416405
3.503742245
3.853219918
3.283173617
2.937923516
3.361245308
4.109246347
3.829164291
2.660791346
1.189204037
0.834552261
0.726369285
0.507175538
1.186636156
0.632206862
0.501038164
0.612548029
0.862067918
2.269834115
3.801713957
6.357845253
6.848073947
4.737420193
2.346442568
3.046383345
2.502518778
1.912491462
1.237759503
1.623135443
1.647324095
2.180525479
1.982726028
0.407181727
-0.708283926
-0.701342954
-0.305531239
-0.193433832
-0.098866915
-0.156807385
0.433504612
0.788696229
1.522512932
2.846209464
3.523870936
6.318720918
4.864543
3.941157972
2.114896073
2.001826422
3.08872289
2.159437255
1.280574038
0.990272544
0.79502804
1.323058712
2.095157317
1.756251982
1.468480146
0.883562923
0.595433939
1.039735585
0.711159569
1.450294547
0.330316134
1.710882606
2.08621999
2.388211548
4.238003406
5.352762955
6.14251409
4.023047776
2.741777126
2.440913624
2.095017465
1.699948939
1.663212103
0.995244928
1.744189777
3.029488362
3.500817836
2.570023544
1.362899691
0.579099766
1.350800622
0.653959088
1.648115304
0.778453632
1.323369092
0.864860024
1.504816736
2.960783424
5.369354508
4.988973663
6.020483744
4.83792713
2.943066835
2.929414152
3.018683891
2.846539172
3.206436125
3.114223024
2.987680522
3.479008901
4.288627133
3.306277559
0.768724725
1.211647477
0.78544395
0.983095924
0.676519222
0.862429504
0.097415418
0.94971751
2.086235378
2.420356063
3.494119298
5.46547965
5.863202428
4.557255022
2.674035479
2.795080983
2.460733726
1.707559687
2.708266316
2.488194025
2.947778998
3.196886078
3.924791342
2.850869913
1.139749791
0.399353411
0.314315663
0.08998458
0.344362853
0.62589849
0.495495981
0.526877892
1.069868556
1.904189828
3.228472818
4.695544664
5.359501401
3.53214846
2.513042734
1.57810763
1.273830779
1.679935779
1.448086013
1.636643035
2.241035744
3.111959427
3.647797375
2.5505266
0.578931639
0.743668761
0.717935563
1.199467879
0.743544676
0.661709984
0.775248103
0.575693389
1.534913203
3.307163019
3.39554516
5.890865742
4.941965929
3.693517027
1.664912788
1.66759504
1.690674581
2.634540438
3.118732299
3.402515287
3.383630179
3.879713508
3.71000535
2.537241822
1.586281137
1.344013111
1.436925196
0.691386408
0.798595371
0.7855717
0.181398288
0.524285043
1.124391548
2.970041456
3.751885606
5.633278704
5.736329239
4.366386045
3.573199781
3.132968555
3.127535478
3.841996832
3.572680237
3.252269429
3.594563817
3.79695579
3.892927731
1.928101155
0.936894806
0.36749753
0.999540943
1.457626422
1.304753998
0.654301496
0.55497798
0.720874516
1.179018356
3.025748911
4.791086075
4.630085441
4.706194735
4.193598349
2.832013686
2.484789811
2.861284928
3.34383174
3.478752954
3.257264307
2.906356998
3.396977448
3.136776994
2.708248573
2.074018276
1.58945339
1.892760146
1.052382912
1.135010507
0.684723103
0.464377657
0.301612231
2.196387064
2.657180172
2.871051317
3.615236435
3.468708691
2.810138023
2.268219412
1.97000233
1.992811534
2.409661422
2.18312456
2.181833254
2.243160063
2.729967644
3.068164263
2.211822249
1.001567055
0.438137867
0.724152428
0.361852026
0.175201358
0.369349933
1.017296441
1.270939957
2.12113276
2.419158724
2.773593776
4.540359764
4.94329028
4.162056492
3.263395505
2.475873018
3.263425599
3.67291233
3.935646138
3.672637434
3.657189441
3.755617714
3.479764637
2.617445611
1.937306919
2.245660749
1.415937596
0.708855717
0.824023575
0.831368504
0.587653936
0.626817373
1.736546165
2.227665552
2.646269218
4.982186036
5.279788896
4.055840089
3.299179432
2.265359961
2.262016469
2.205969329
2.503319572
2.323204401
2.644400009
2.473924764
1.943018565
0.540370014
-0.278527635
-0.14975718
0.174605328
0.366439665
1.049816497
1.067097295
1.462383303
1.796421512
2.175140589
2.555283387
4.068697314
4.51290187
4.912457875
4.034968829
3.393232048
2.908671511
2.630426287
2.416628773
2.542129595
2.534623
2.596019985
3.184707605
2.422323747
1.256131767
1.510900482
1.102954336
0.596824814
1.06305967
0.674813484
0.921818358
0.880230912
0.665155497
0.913907699
1.713794769
3.325513587
4.492239025
4.626414558
4.270951323
3.240312285
2.108948013
1.795455011
2.73915996
2.541266096
2.209932933
2.644300281
2.075955464
1.848058279
1.648264176
0.966867053
0.666063213
0.551444956
0.011556638
1.236449972
0.960108876
0.458377998
1.012038192
1.070308595
1.981805399
2.831054416
4.180514793
4.558690173
3.823417189
2.853039977
2.363636416
2.340644594
2.137961657
2.325373826
2.814650975
2.576910896
2.668857243
1.940697101
1.551995545
1.198879594
0.834508387
0.438669222
0.444623413
0.576602866
0.308273962
0.862229619
0.408492593
0.812929424
1.609956965
3.152989501
3.959241146
3.816486789
3.117068933
2.790042149
1.916420961
1.737350203
2.482515312
3.155495664
3.472409981
3.074338411
2.769447655
1.985256604
1.347012468
0.910191478
1.139378183
0.7206858
0.842840246
0.510561479
0.99106766
0.76717405
0.591996645
1.284022888
1.805982309
2.820400653
4.03447006
3.757173151
2.998357057
1.269094346
1.698785152
1.498672585
2.345808749
2.970839851
2.910530505
3.119362146
2.089478809
1.551554898
2.521282801
2.317556277
1.163930474
0.262764559
0.113801939
1.027388895
1.3594502
0.660506369
0.395171984
0.759451605
2.23655607
4.015391872
4.708270584
3.906124086
3.132002006
3.271694357
3.647129943
3.190428716
3.194689648
3.133179579
4.100115357
3.106234221
2.57461302
2.765412585
2.414405613
2.051861068
1.721641447
-0.022114552
0.766158318
1.074143765
1.319317023
0.519857532
0.362913916
0.891681841
2.23497519
3.515593469
4.350924044
3.834981341
2.853568299
1.670444512
2.517117243
3.996692043
3.77411586
3.583788181
2.914432544
2.723681185
3.264012865
1.959824347
0.890243974
-0.036586265
1.148798156
1.664315788
0.684504305
-0.102466051
0.076847508
0.701036959
0.932322575
1.098469143
1.722725999
3.109177005
4.207904426
4.897067082
3.572794969
3.32021099
3.346201503
3.787821855
3.46289223
2.896003381
2.941065771
2.953213889
3.13730229
2.591295948
2.089000283
1.795788627
0.933846987
0.045044073
0.124653794
1.423506944
1.655041239
0.258638087
0.140395831
1.059870611
2.513497221
2.840119363
3.739769297
4.942196227
4.661816157
3.648796971
2.98528049
3.314273253
3.834445939
3.622762906
2.79372721
2.392673299
2.980937347
2.82941497
1.441603194
0.839383507
0.737045703
0.388283325
1.032307297
1.051360231
0.539588666
0.796724604
1.299137075
1.389853022
2.772836013
3.062247721
4.337688352
4.041763733
3.390246543
3.633648904
3.781072255
2.909870011
2.402421221
2.376970819
2.23140193
2.593117828
2.622616918
1.536526589
1.341845477
1.436526395
0.677847383
