-0.174267406
0.397894276
0.485988491
-0.141023692
-0.166994368
0.032021272
0.169182386
0.307299645
0.403162327
0.294152009
0.111104682
0.633314883
0.608577058
-0.190341306
-0.26233648
0.084399921
0.246018146
-0.040944846
0.235332127
0.068722825
0.061227992
0.613681108
0.044796744
0.043685957
0.043780954
0.040996419
0.394796416
0.282295971
0.328892793
-0.167941537
-0.130392745
0.043753653
0.097619441
0.037476596
0.035283725
0.044078191
0.028372824
0.024842486
0.020344116
0.016780938
0.01398593
0.010850603
0.005627447
1.936689283
2.520387616
3.635784152
2.962044858
3.469742399
3.31740751
3.448199705
3.25699736
3.127390493
2.998830235
3.135161939
3.166201339
3.127455713
3.290929691
2.929090257
2.921597297
2.960036184
3.049682988
3.279093072
4.858800071
3.940676746
3.72913528
3.697917044
3.815825776
3.649986095
3.56174728
3.553124587
3.410433795
3.567342808
3.61731726
4.803076488
4.346411646
2.17789377
3.560217769
2.899372056
3.49022906
2.966250732
3.036924909
3.467147721
3.566065382
3.562100553
3.520047283
3.491413604
3.732424839
3.398554863
3.642595498
3.550878333
3.486240691
3.637457726
3.576981686
3.570758947
3.864093606
3.800600105
3.817713335
3.732334503
3.435658483
3.264920931
3.1471865
3.138968896
3.507850795
3.552875104
3.471310336
3.412026392
3.288654475
3.466154295
3.376084178
3.619039976
3.432945217
3.478033468
3.744555483
3.75076718
3.865356309
3.649048668
3.708243113
3.82981767
3.885946378
2.310792656
2.968718497
3.11009161
3.465209836
3.569517406
3.412738896
3.264807233
3.232805379
3.314663778
3.541124038
3.586391232
3.502651589
3.314436538
3.003010105
3.476230481
3.580193929
3.504686627
3.539230255
2.019435082
1.539216204
2.909704582
2.645380486
3.881324567
3.325091913
3.519953375
3.355335237
2.156666224
3.078327289
2.903077849
3.39319909
3.108400684
3.52196772
3.384393796
3.610554281
3.543570123
3.45577341
2.545780957
3.823001398
4.278476249
4.590299566
3.841249457
3.781731082
3.6292917
4.292384684
3.858959773
4.881522611
3.793526908
3.756879849
3.457425148
3.210860458
4.108260986
3.244261675
3.392912931
3.118688138
3.492413265
3.044773777
3.066984206
3.467475527
3.205354117
3.40468297
3.317386164
3.363204215
4.005285789
3.779893589
1.927755612
2.665129519
2.691929059
3.642913849
3.348014733
3.776532605
3.975628141
3.352810979
3.700358839
3.421116912
3.589138817
1.974967681
3.43319826
2.971411117
1.935367036
2.984591041
1.781048465
2.685600627
2.605824094
3.022167607
3.875749728
3.735312224
3.525284075
3.351864563
3.287380223
3.101754447
3.445267728
2.401530917
3.536564558
3.450157768
3.81457197
3.845661649
2.263256901
1.822883027
1.415525597
0.619668361
0.543890825
0.564928435
0.748152039
0.425522326
0.511267126
0.064686124
0.237711256
0.08786565
0.181561488
1.098685112
0.898579792
-0.049136769
-0.427799731
0.291050065
0.607312884
1.935294912
3.253317551
3.7240247
3.355054213
4.046503222
3.610368555
3.458354086
3.505669009
3.532541952
3.255362422
3.277489786
3.393645685
3.567059757
3.288554143
3.296663172
3.077413782
3.150484082
3.964718982
4.053993912
3.569882015
3.664640608
2.990992686
1.631706077
1.070907719
1.141828744
1.341402115
1.197280509
0.771781397
0.278603043
0.47146181
-0.099364252
0.138797912
0.063879626
-0.264256269
0.085942233
0.224678455
0.283195112
0.18095143
-0.027306563
-0.003242678
0.074329464
0.446997577
0.448541657
0.429331316
0.15988336
-0.273436698
1.106069879
2.285181154
3.012389257
3.369251062
3.553596689
3.433660542
3.277675409
2.775286459
3.278125559
3.806287947
4.138290757
3.322011012
1.958101899
2.687504645
2.926784637
3.258255853
3.042568879
3.250727693
3.622560459
3.757556295
4.791765698
4.209102684
3.80902107
3.682427155
3.881828296
2.277878354
3.380866183
3.514292806
3.836456782
2.510718754
2.85736493
3.144118684
3.119418363
3.45396956
3.670535679
3.888866272
3.559524065
3.749573649
3.535810945
3.682854049
3.548720617
3.49125065
3.86560029
3.647484192
2.14383267
1.32761164
0.8314433
0.682279821
0.357830843
0.586733635
0.325544728
0.487799744
0.39659683
0.011507267
0.410687518
0.085935756
1.755934672
2.487101842
2.898103151
3.113324038
3.255216464
3.314842716
3.343331647
3.542518423
3.435724636
3.521484799
3.490541353
2.80952252
3.484540886
3.240324014
3.5243744
3.920166202
3.754294827
4.902928149
4.365240674
4.174862933
3.763417438
3.66429518
3.747990807
3.753312458
3.550677233
3.814201005
3.566197586
3.507699583
1.894817963
2.620215527
2.87132271
2.86631414
3.204720578
3.38530211
3.373543869
3.6015964
3.443394625
3.823907477
3.588942892
3.471722403
3.286174709
4.643784439
4.133943948
4.083948812
3.832312449
3.588078618
3.374932883
3.288947403
3.53322208
2.020062043
2.881736907
2.664707993
1.569603806
2.735824848
2.51306929
2.825227678
3.183159472
3.007030572
3.103487929
3.311849234
3.353293905
3.74071402
4.197141672
2.364630509
3.198516455
4.5732109
4.021859774
4.85778352
4.213531286
4.030844758
3.935606464
3.825097469
3.746678668
3.608205298
4.043339513
2.323048917
1.258553403
0.688047075
0.37491733
0.207262444
0.39772609
0.069295978
0.039583928
0.263033997
0.226380388
0.007697178
1.695417896
2.116384594
2.979028774
3.378539243
3.630757655
3.574649791
3.852930281
3.739211294
3.610045367
3.558337287
3.971503126
3.795901536
3.498136544
3.645508086
2.038805385
2.824562528
1.626257047
2.105776308
2.606668592
2.402334458
2.780633166
3.029452102
3.130416505
3.341199775
1.909460352
2.731926683
3.279957965
3.547877434
3.6109012
3.206622419
3.374559522
3.470254037
3.638938088
3.588450315
3.674867093
3.645912294
3.466992456
3.595039945
3.508557401
2.031271064
2.630548516
2.938715827
3.103030655
3.299913171
1.974751618
2.878674987
3.228559775
3.385339757
3.149958461
3.649993557
2.335073671
2.916456451
1.675649712
2.12554899
2.813471201
3.043088486
3.489624715
4.418814771
4.135688314
3.933811206
3.838838997
3.937539103
3.821974375
3.711602194
3.740545538
3.634602047
3.607047039
3.647777307
3.682891327
3.563463458
3.5530575
3.623202059
3.502406278
3.39682064
3.87410663
4.465943472
3.926804029
3.231600102
3.27490821
2.867285495
3.139915911
3.50874893
2.207654263
2.781598266
3.098310845
3.34702551
3.329059591
3.532229945
3.049430653
3.42318111
2.116029893
2.622719956
2.993988864
3.102748209
3.658779211
3.674488586
3.651684939
3.528399243
3.429424229
3.035164092
3.283799242
2.922679799
3.153234758
3.320501039
3.281775961
3.50646566
2.169088175
1.606203775
0.882037573
0.765952677
0.664031194
0.559809117
0.703526243
0.6769061
0.82476697
0.946759896
0.676241536
0.634428729
0.596202056
0.578193326
2.928519722
3.177051252
2.769340071
3.110773883
1.977598393
2.573531964
2.659171371
2.808221592
3.139723995
3.099236532
3.369210749
3.211625464
3.12183366
3.37482766
3.32431227
3.47446726
2.16497245
2.94969316
2.997988052
3.082156051
3.247612886
3.331453255
3.246319645
4.333273523
3.961130723
3.609201954
3.438139127
3.377747815
3.653276008
3.790289405
3.545103565
2.227989366
2.9044743
3.129028256
3.87872866
3.418490105
3.396947645
2.289847675
2.624427622
3.934484222
3.637176063
3.448693101
3.333260486
3.333046955
3.33944851
3.356520572
2.172029672
2.768040788
2.963886429
3.104602565
3.258053802
3.358824857
3.510935376
3.543860702
3.701381113
3.65484043
3.735642023
4.164623507
3.816907502
3.680692524
3.719647809
3.589025331
3.453877473
3.364345016
3.462675723
3.282753354
3.605478964
3.465641748
3.69657741
3.245940992
3.351556649
3.315000476
3.166687788
3.254248321
3.321486313
3.487187678
3.391183953
3.668305477
3.486991394
4.066557372
3.313870408
3.422428684
3.354913166
3.555301516
3.435035619
3.556951121
3.420985383
2.954920578
3.266155189
2.095960303
2.40495641
2.644068806
2.678127893
3.120091127
2.02150484
2.646750036
3.199558764
3.181871488
3.554094765
3.610524404
3.672981598
3.761923254
3.971841647
3.685925355
4.708686935
4.52942289
4.536819383
3.851891825
3.407291402
3.473310805
3.540228237
3.553380796
3.52690066
3.313009788
3.224452103
2.981948621
1.91360069
2.424598902
3.415004743
3.527538839
3.79489261
3.170268094
3.114548999
3.888059416
3.635201601
3.867258348
3.682697725
3.679821673
3.479672362
3.685480453
3.411311084
3.352046328
3.373678886
3.34332026
3.365508091
3.203541937
3.580045797
3.453407585
3.551306663
2.68985627
2.492768055
2.242974095
2.385975913
3.031943811
3.149567914
3.4216185
3.978058169
3.487145396
3.644203403
3.752043631
3.858191793
2.729388757
2.418345517
3.072844935
3.198784133
2.135474509
2.031399057
1.646155341
1.839091389
2.634990127
2.895795708
3.268984802
3.315134921
3.438638084
2.195899586
2.447497058
3.07621457
3.929061891
4.470835323
4.070945408
3.321706713
3.688823636
3.627919723
3.854361891
4.025344293
3.634866074
3.979443625
3.529531139
3.039001087
3.370223943
3.61708263
3.364869493
3.480361193
3.51532856
3.550055248
3.551875237
2.420041201
2.357363738
3.162151186
2.648553296
3.000557438
2.65254064
3.071267677
3.248495955
3.268572147
2.787475887
2.706111481
3.262982818
2.611744333
2.150328051
2.325539672
2.963305835
3.251866072
3.594510979
3.710454446
3.485343377
3.541583555
3.610389376
2.293140251
2.746106809
2.88753062
2.10678468
2.558392704
2.970484395
3.2477628
3.467949944
3.928040565
3.726655369
3.474948593
3.380977642
3.377353797
3.733913911
2.582089154
2.132560061
1.789128751
0.954140419
1.964691337
1.590847767
1.319393832
1.170066561
1.153193911
0.863299249
0.920027101
1.018324325
0.658633656
0.554728493
0.599726817
1.240497887
0.707135638
0.691479364
1.84931171
2.179615761
2.673800407
1.902281511
2.606487626
1.900874873
2.637253911
2.94105373
3.842594008
4.488849665
4.236732031
3.989842829
3.730644477
3.374838407
3.094680852
3.396584495
2.817048573
2.728292358
2.967751539
3.204939324
3.245141638
3.380776318
3.662607272
3.355014391
3.881223027
3.85294672
3.892498627
3.537543285
3.669280743
3.225503265
3.347992142
3.207009166
3.552920731
3.237883734
3.128696167
3.201234029
3.001953425
3.118345646
3.177870388
3.272251091
2.915645322
3.302314625
2.500991367
2.51810758
2.664484113
2.608899699
2.94855272
3.551152755
3.653474286
3.553092476
3.28752159
3.283621984
2.952809588
2.475203822
3.029944636
2.98993338
3.406688537
2.717755238
2.694592511
2.717321629
2.579282388
2.697641484
2.229132685
2.46852034
2.635270526
3.008634139
2.693797337
3.154265939
3.362344187
3.161449729
2.971152582
3.932253711
4.348661032
3.762745711
3.092128781
2.826217209
2.608438406
2.984490002
3.457502999
3.606697074
3.828595275
3.890563643
2.735785861
2.317593148
2.566822279
3.399005745
2.901424259
2.263269368
2.532400773
2.366803089
2.634591359
2.527354591
2.249699515
2.85733332
3.873656363
4.106191221
3.542404855
2.886877857
3.151599187
3.191113279
3.091957918
3.355674607
3.382154217
3.562221094
3.929351878
3.236064899
2.66519691
3.099312729
2.928561216
3.202195289
2.989518661
3.019968457
2.42274784
1.860083996
2.167572799
2.656329403
2.309452539
3.050906857
3.604318604
3.69248052
3.713389292
3.699012512
3.87919362
4.193171462
4.055815869
3.126396961
2.680711784
3.020417705
3.252027867
3.341608624
3.614901058
3.257319532
3.142629652
3.073654586
2.755701465
2.882900098
2.837536549
2.848708387
2.210942724
2.670266891
2.75868864
2.519030603
3.298351481
3.928413454
3.709601545
4.077926011
3.831367597
3.919613866
4.16959784
3.771782765
3.686589003
4.376988273
3.89796754
3.801510849
3.244597972
3.412885103
3.22456387
2.885127885
3.001442063
2.988600473
3.214976443
3.033164905
2.927529975
2.879349075
3.379668562
3.203235554
3.526442832
4.02069738
3.89624222
3.748305598
3.269888572
3.144752463
2.52342605
2.750097041
2.876853061
3.232456024
3.119740223
2.925885577
3.487563918
3.403641737
3.490607374
2.702354342
3.018074103
2.836451354
2.879712502
2.355715128
2.467294019
2.059229484
2.639119802
3.18492196
3.409872592
3.584101977
3.523411058
3.679094298
3.445027614
3.471701596
3.231465386
2.986521218
3.3383694
3.438845866
3.632423829
3.215882908
3.335118676
2.741417806
2.17083597
1.375789963
1.17655477
0.641239861
1.041927813
0.222776254
0.313859103
0.290617009
0.789797406
1.004751037
2.071780006
2.622401475
3.096038017
3.210118735
3.534263604
3.392701613
3.346239151
3.252759399
3.733855847
3.514257683
2.852418186
2.507515025
3.533423601
3.105875028
2.830301466
2.69883813
2.922333291
2.987598735
2.979330818
2.686430155
2.658655317
2.777465815
2.945948317
3.818730465
4.448843237
4.14601665
4.134539475
3.813459956
3.704825574
3.82113558
3.623408811
3.323162047
3.597781194
3.461415271
3.5394234
3.693751037
3.436941156
3.354869487
3.212680871
3.312340138
3.091537888
2.85797029
2.619443301
2.697050636
2.597377246
2.430829675
3.13962447
3.152718138
4.047611483
3.377097074
3.925264481
3.635713095
3.452648572
3.453917295
3.17844033
2.558289614
2.653588008
2.71005635
2.753121131
2.968663201
3.295271359
3.177812871
3.14470285
2.855580225
2.435296976
2.913707377
2.988387501
2.891966396
2.874135412
3.469416028
2.993710166
3.580414635
3.318673989
3.747812085
3.22542993
3.689017226
4.021998427
3.692960597
2.93097329
2.927504625
3.219099301
2.246424811
2.024992626
1.635217332
1.305400064
1.021040455
1.2270611
1.231160269
0.545153128
0.979316524
1.351518666
0.175752062
0.787471371
0.529052622
0.717440406
0.963970595
1.598586826
1.491319369
1.04954732
1.085031245
0.995176762
0.756013435
0.668940456
0.51449852
0.184130265
0.598641915
0.140654286
0.091007627
0.217202708
0.516162208
0.313132801
-0.15910063
-0.008785804
-0.182562524
-0.107289717
-0.199339035
-0.313411559
0.348563692
0.020613468
0.909152659
0.674586038
0.669600323
0.832427025
0.240161087
0.077548355
0.081559038
-0.114258371
-0.307616554
-0.099616989
-0.045963585
0.009105608
0.001264003
0.203760377
-0.124807352
0.795702171
1.362751593
1.385837121
1.976367642
2.02932044
2.942514355
3.242811798
3.475445125
3.54341975
3.472112677
4.146014282
4.012104707
4.014520118
4.241719201
4.324426691
3.725408661
1.762001503
2.743148285
3.070213462
2.994677808
3.263599091
3.612065179
3.459686746
2.664972305
2.78008001
2.749914414
2.647851211
3.176595307
2.641137843
2.965078893
3.39761225
3.617299808
3.564637763
3.549839864
4.580531644
3.897583744
4.283232381
4.515102873
4.231478035
3.797995309
3.696179242
3.958920091
4.232855212
4.674934132
4.323139303
3.853109881
3.907490289
3.757976206
3.245023986
3.249484408
3.361196859
3.553250592
3.117131698
3.454726487
3.483979972
3.567475524
4.00035782
3.884325215
4.351397212
4.061582121
3.97004279
4.301786042
4.61147291
2.912407699
2.362358957
1.637464587
1.372376391
1.099527845
1.698667307
2.341449591
2.53242685
3.851112251
3.802286467
3.443797103
3.255558697
3.498791717
3.61694947
3.622216041
3.355468585
2.187007827
3.233134031
3.341466853
4.709625722
4.284224903
4.96958071
4.871312368
4.425718832
4.763275899
4.266082081
4.41706653
4.691134344
4.631317516
4.780694733
4.465927599
4.533232536
3.936370131
4.012456608
3.971194094
3.517674311
3.619165897
3.856182014
3.799844151
3.568424449
3.995060961
3.986945847
4.350033665
4.666077625
4.665802095
4.425857633
4.162835825
3.942134529
3.07909371
3.687373055
3.608042654
3.340670396
3.639891855
3.160255001
3.38256335
3.494152469
3.779193414
3.558942233
3.448678172
3.766234273
3.541687201
3.461149591
3.39300556
3.650171385
3.499695299
3.953738703
4.495084369
4.420664497
3.843213691
4.409469399
2.968231147
2.705419912
3.454578474
4.633172265
4.188991083
4.101494867
4.155258803
4.818320676
4.15025748
3.650246259
3.741600401
3.87504561
3.820733948
3.804587571
3.605420632
3.821444566
3.5214215
3.848365667
3.619452861
4.254247347
4.704629986
3.845609026
4.155662534
4.174191889
5.238536726
4.985342713
4.125128608
4.350301379
3.250343224
3.968844033
4.180068594
4.329367058
4.275428371
4.067087301
3.699853113
2.685454096
3.045773062
3.540642728
4.030060414
3.540501879
3.337626789
3.831888503
3.754322893
4.303880146
4.742818449
4.320937106
4.111301366
4.272385219
4.630449449
4.585964315
4.142054355
4.117099202
4.470202022
4.900049047
5.015741937
4.643695764
4.370010046
4.154578312
4.148041731
4.002832456
2.95421462
3.010238285
3.165096224
3.725587888
2.901885066
3.398705087
3.631551039
4.046008723
3.906150255
4.588793354
4.521723181
5.211913593
5.811847969
4.98774681
4.531806801
4.405199495
4.947762958
5.16110383
4.95549849
4.871294811
4.207098142
4.196347637
4.245555119
3.889366008
3.739412817
3.703927765
3.864730171
3.520871732
3.643370403
3.895911169
3.893874451
3.776952672
3.980641773
4.271346801
4.184420159
4.542190898
5.001627333
4.805478455
4.523594214
4.345211244
4.8435981
5.349554912
5.046804135
4.270966756
4.00426111
3.995147543
4.206710239
3.993618486
3.514038808
4.106698388
3.926268162
3.672628839
3.671825067
3.532342663
3.497969023
4.102783576
4.199277169
4.13902261
4.875342417
5.392699175
5.876675592
5.355281593
4.430046849
4.319903708
5.062979313
5.24134671
4.847674956
4.358099178
4.187032238
4.413545487
4.711682651
4.041951452
3.962729908
4.169655732
2.454137895
1.797992629
2.4406019
3.256203877
3.322840257
4.012374768
4.315591677
4.170160044
4.027693354
4.481327605
3.384867928
3.302295428
3.456857222
3.972917827
4.534043399
4.897053518
4.042347363
3.464249554
3.81510043
3.825396506
3.517086253
3.884601358
3.668936623
3.677680569
3.439744687
3.50429153
3.599498606
3.682092555
3.875945154
3.920892359
4.496726824
5.12672202
4.430261434
4.457440618
4.884232416
4.374821056
3.94495683
3.724458318
3.795618183
4.059034973
3.527115568
3.506220433
3.695397587
3.722560265
3.827176165
4.021135241
4.102554358
3.87249099
3.765502761
3.927294959
3.839012889
4.052604594
4.442218166
4.577565729
4.586054071
4.05845474
4.099500384
4.473100758
4.330575542
3.949178482
4.192161649
4.254949417
4.963679766
4.803710301
5.026084331
2.318664589
3.273827267
3.693392246
3.712333836
3.725921838
3.462003624
3.503155871
2.156106632
3.098241608
3.719460895
3.42929615
2.391972993
3.052650587
3.851409024
3.583398208
3.497567879
3.995857689
4.946737941
4.825079492
4.481460895
4.874270968
5.116259301
4.985144147
4.724924808
2.484617523
3.526959159
3.50435036
3.753794088
3.834689472
3.621565004
3.616332292
3.536204415
4.027974808
4.245020663
3.869279917
3.851808822
4.138879927
4.477022078
4.053510251
4.043900209
4.34577856
4.830123043
4.860040316
4.817380939
5.165200775
5.023071186
4.789271422
4.418566627
4.531052745
3.872676649
4.027268675
3.861926904
2.275505102
3.375036042
3.419831066
3.645856389
3.0810544
3.298615299
3.659460545
2.264212482
2.014402644
3.311259365
4.366477267
2.404240963
3.676075366
4.299228449
4.59733189
4.004872094
4.4658858
4.254619251
4.345725046
4.21428613
3.91165081
3.765880307
2.651192197
3.11159743
3.674961727
2.247572815
2.911998506
3.057606428
3.481422458
3.624252705
3.588941188
3.648269716
3.854627036
3.781705777
3.672567359
2.39943296
4.283430197
4.876558528
4.9167376
4.650962944
4.996333957
4.418162018
4.542747058
4.271769497
3.616654151
3.77483987
3.735893242
3.864601672
3.821088273
3.224759208
3.124341517
3.339841272
2.657776084
3.075655725
2.892545142
3.333807707
2.654471139
2.097550863
2.814071927
3.77502096
4.658102672
4.638970422
4.631248571
4.683481113
4.874647562
4.889950582
4.659786489
4.270144437
3.671598534
3.357036484
3.261373817
3.273295492
3.547039098
3.625131156
3.827071497
3.646165632
4.293776902
4.007506702
2.44051653
3.025031736
3.687412299
3.672209837
3.77739211
2.685985692
3.255622411
4.197896913
4.768907875
4.631645858
5.048182176
5.190949989
4.598989799
4.046232552
4.243527783
4.309310156
3.846624021
4.424547431
4.108144886
3.811176635
3.913545689
3.905549101
3.769555916
2.923643431
3.25337569
3.353656628
3.766779866
3.963315656
3.741610128
3.867759416
4.523154504
5.197107366
5.013065988
4.958688346
4.98082957
4.942944893
4.04885203
3.210583973
3.479090091
3.321986595
3.675152483
3.281894805
3.406327386
3.296881564
3.182961098
3.402873196
2.489687667
3.6158789
3.346469416
3.685009335
3.849578982
3.993605848
3.967788335
3.901070808
4.736238037
5.298883022
5.022528872
5.007029979
4.852799234
4.811289815
4.602560165
4.107296209
2.390153762
2.798135075
4.071826668
3.334374509
3.442117369
2.78906262
3.419316556
3.294175489
3.705817395
3.703661173
3.250760884
3.55718154
4.039037846
4.152258001
2.890154119
4.30732468
4.809319438
5.163079916
3.941737166
4.856714167
4.918419006
3.74765703
4.717168925
3.251366917
3.43940775
3.131617053
3.91359659
3.223339429
3.151759063
3.542395611
3.282144653
3.032762724
3.424194081
3.515868899
3.280224509
3.372082035
3.810346054
3.780503382
3.815838094
4.373393439
4.737337759
4.999171771
5.216421531
4.870692816
4.562147065
4.703981726
4.500010086
3.308494402
2.706242438
3.474897396
4.010283865
3.565268974
3.155024492
3.381248077
3.074175573
2.929864476
3.296398009
3.428363802
3.248178662
3.376139982
3.628751732
3.583367168
3.787156088
4.196936943
4.618954118
4.837998346
5.133009842
4.933778557
4.553838624
4.76699098
4.407510785
3.126811285
2.678637739
3.765414772
3.949453284
3.336502199
3.012169548
3.511574492
3.131497426
2.866952188
3.405601535
3.536677804
3.201388464
3.428519123
3.398422033
3.434381102
3.691211677
4.278567242
4.862604097
4.90672562
5.166209071
4.874965816
4.636044381
4.943237576
4.540826131
3.285367594
2.704178791
3.724104614
4.246875277
3.349042582
3.105769866
2.886142735
2.949218036
2.92345298
3.258000945
3.658277562
3.370918637
3.378146635
3.669030805
3.698972595
3.842966527
4.436068669
4.708197994
4.993465078
5.613484293
5.00662538
4.82143997
4.887249233
4.499094184
3.063829427
2.490604378
3.928346687
3.985323489
3.538693178
3.139415825
3.046682587
2.946945575
3.025171028
3.489634406
3.642618211
3.564521502
3.539487225
3.722716745
3.672920605
3.892058896
4.375789546
5.091877619
5.494273091
5.206630493
5.095760296
5.193547617
5.057437889
4.537516443
3.000284589
2.19403783
3.764119312
4.360427454
3.392256925
3.173144377
3.301997238
2.991081814
2.898663904
3.594115453
3.70448075
3.401902832
3.786495524
3.791573818
3.736970869
3.954066381
4.431574374
5.046383508
5.061742806
5.52217761
5.02724233
5.044073907
5.113021207
4.451700173
2.988871584
3.060970712
3.61715103
4.866046543
3.692752511
3.40998671
3.451830066
3.121149517
3.242246771
3.906733074
3.874237198
3.527350106
3.849263792
3.601750039
4.024482452
3.886234994
4.735867813
5.289648881
5.427782497
5.432418246
5.40628341
5.24448339
5.356118853
4.588737154
3.202205851
3.328517938
4.267326288
4.281954424
3.434915862
3.374397579
3.110906707
2.512723463
2.751766713
3.179717373
3.067720943
1.984232132
2.829386574
2.539258429
1.748048162
1.874776847
3.259815964
4.011148201
4.344025057
4.995319895
4.630549479
5.022838683
4.282685992
3.383240748
2.454094885
2.786288514
3.224899706
3.433019936
2.302222768
3.50827012
2.327908213
2.688624912
2.924194745
3.23259698
2.910903145
3.299026843
3.456968371
3.535686216
3.722907436
4.043623285
4.579083724
4.887612997
5.002960642
5.181164933
4.670617592
4.110626595
4.628134911
3.605011168
3.205676079
2.609380498
3.902662552
3.447711144
3.570318007
2.423360811
2.599007096
2.132747413
2.404285607
2.09852043
1.660004112
1.549435065
1.459964474
1.397475324
1.141119871
1.555481319
2.262270104
2.028553977
1.829738312
1.173832699
1.463015157
1.035100827
0.324282552
-0.418060986
-0.529712519
-0.43537978
1.209350372
2.01279585
1.749182522
1.854755882
1.882088732
2.35491969
3.056930345
2.648982975
3.089407014
3.314052942
3.398655225
3.367045693
3.28951258
3.399445862
4.589517813
5.409559639
5.410512035
5.497651452
5.127397941
5.09141659
5.020991095
4.377038246
3.316131207
3.464075691
4.003511533
3.523079406
3.059127386
3.026737406
3.051625025
3.080094826
3.329237846
3.422319286
3.700832639
3.39123176
3.42353898
3.364756367
3.367200065
2.545941308
4.034336152
4.499946603
4.664175861
4.864912723
5.120055436
5.243443262
5.095772115
4.45447115
3.828809378
3.46589642
4.386261654
5.137097286
3.666675377
3.058787204
3.6027915
3.323260446
3.172123865
2.57386013
3.279384078
2.908813945
2.851338082
3.144479022
3.758688195
3.851173141
5.017155548
4.97574355
5.02502417
5.375253212
5.22630888
4.811297506
5.094064368
4.03110044
1.860657514
2.482598633
3.402885588
4.024695022
3.362319661
3.70069436
3.622366704
3.096696662
2.132527443
2.865355016
3.29809949
2.246361414
2.572899971
3.142531746
3.091472241
2.623212128
3.928745781
4.525292267
4.920558875
4.793354986
3.694276209
2.975919041
2.961237219
2.539596861
2.138939477
1.516095434
2.192308676
2.445444609
2.570313778
2.527694468
1.815044705
2.465496001
2.647459791
2.888497487
2.236136468
2.222662518
2.906604693
2.8387239
3.122155046
4.258418825
4.911385474
5.629989632
5.43978134
5.120433732
3.855388355
4.001143763
3.578969133
2.824674166
2.139980443
3.019044498
3.770052184
3.582592739
3.073479779
3.267269723
3.1719478
3.32086149
3.245730747
3.175581353
3.526455699
4.093488056
3.900356373
3.704614123
3.34381627
4.071446332
5.67672986
5.990008149
5.565169975
5.750886757
4.707342699
5.461864369
5.331575582
4.502627441
3.833647135
4.02346366
3.359436032
3.73429526
3.385174092
3.354101188
3.165948258
3.20867363
3.246874874
3.373540536
3.507171354
3.932332675
4.2878845
4.201535983
3.864801459
4.163644591
4.971035873
5.611535328
5.22805673
4.91358019
4.174267713
4.956002526
5.333007535
4.274566502
3.005847834
3.424101228
4.265423678
3.789085918
3.592264584
2.134914999
2.619333386
2.842295136
3.395888584
3.667076624
3.573031351
3.962560196
4.162627776
4.118806168
3.930795652
4.367822796
5.467182438
5.996538321
4.898542048
4.595622083
4.20803412
4.343825558
4.095259602
3.162349205
2.21746188
2.786666293
3.689351333
4.700173917
3.570500975
2.1375729
2.942189745
3.213636423
3.046211262
3.346842801
3.417273393
3.907343314
4.305104698
3.886522776
3.539839753
4.39846943
5.080741069
5.649570353
5.279694953
4.796091208
3.221732391
3.869718115
3.754069693
3.034869878
2.37006629
2.946091818
3.366275249
4.072523176
3.527584888
2.925340606
2.994196745
3.620968388
3.393240725
3.727207754
3.608092426
4.237789441
4.299615451
4.142285712
3.8405701
4.402746264
4.662349518
5.439376526
4.958788057
4.476704021
4.18246187
4.278627674
4.126517921
2.667837523
2.714836002
3.173063208
3.807179802
3.683179166
2.869984427
2.616628658
3.094305249
3.447898373
3.369470668
3.354165998
3.508537791
3.793453719
3.928075612
3.575651644
4.343692262
4.607413346
5.062118947
5.72782501
5.447528768
4.598735551
4.022538485
5.302065525
5.4857579
4.39114214
3.902447989
3.684897569
4.134966456
3.699316532
3.042036818
2.954799373
3.359809358
3.473655217
3.741472286
3.398132951
3.696679409
3.855665616
4.229272111
4.156908291
3.917198126
3.986311263
5.119441419
5.974144952
5.281732696
4.442260101
2.694384404
2.665602976
3.229843667
2.753841133
2.788812817
3.310971556
4.390353096
3.694423132
3.25646818
3.215795079
3.594624717
3.556846819
3.405491669
3.580901914
3.962271949
4.222459982
4.248079533
4.135114098
3.856876675
4.165855598
4.937264902
5.827446039
5.147878143
4.417815263
3.546962366
4.303457622
3.963216876
2.904007555
2.499857184
3.335983102
3.934238811
1.96630471
2.571961319
2.906337094
3.07344642
3.150805105
3.037571735
3.376549207
3.66359993
3.751581524
3.987967963
3.861349695
3.980146923
3.836005469
4.515365077
5.792437451
5.122087136
4.042614482
3.550903167
4.451221625
4.010908988
2.965776745
2.50941145
3.614834847
4.023919761
3.498953149
2.865707314
1.697457484
2.8958962
1.703567706
2.428198497
1.547870194
2.254265982
2.701019793
3.246548474
3.556662931
3.381529692
4.272507327
3.561805605
5.142005222
4.849325677
3.756845102
2.214597747
2.274950827
3.374767984
2.588803105
2.428457033
3.256287639
3.958818831
3.488079425
3.29732483
3.102051985
3.359505269
2.93010388
3.273385606
3.278040595
2.15354585
1.771237194
2.887396689
3.001569964
1.696059088
2.602246463
4.119606061
5.5620725
4.923745277
3.99353672
3.222505375
5.057998322
5.606561436
4.729760073
4.175223571
3.768459679
4.008907408
3.873977558
1.982501471
2.772780234
3.372862103
3.550100665
2.942392142
3.356047112
3.518713437
3.965274652
4.114389169
3.753054293
3.309007231
3.907013771
5.226905432
5.81991866
5.030093584
3.737313153
3.562522323
4.972558566
5.198137517
3.831155109
3.504013874
3.21610831
3.777289844
3.617666533
1.93042972
2.420513811
3.113361726
3.214401943
3.182885899
3.247453065
3.653630473
4.034114571
4.216836239
3.898822213
3.610179158
4.142322986
5.841310287
6.925254093
5.725382032
4.318514863
2.724965483
2.914858527
2.046453237
0.850960281
0.275442342
0.719132826
1.08451785
0.833824875
0.597885342
0.960598095
1.242338079
0.4420212
0.103754811
0.083096396
-0.069314617
0.761995297
0.82781187
0.749136256
0.556582393
2.4022159
3.888428693
4.838627056
4.240217173
3.26516624
3.053682146
5.042720648
4.62905005
3.784778733
4.128103827
4.89731423
4.560355899
3.788634377
3.739276745
4.090742968
2.675414464
2.853018687
2.823250263
3.019619628
3.425201036
3.954446843
4.19882875
4.136749464
3.643173971
4.174066085
4.966918392
5.783062429
4.017673236
2.438217562
2.857349417
3.903201946
4.200381172
3.315035441
3.104654751
3.56158145
3.630517105
3.066532434
2.686424942
3.530728736
3.536966876
4.08414356
3.82640551
3.705703122
3.678537629
4.156484292
4.370300891
4.113960747
3.883015036
4.362695336
5.003400094
5.71159005
4.673792468
3.511217054
3.21469554
4.069384121
4.200976628
3.378904913
2.949790406
2.234098471
2.917022185
1.821119061
2.23964452
2.643992964
2.026439041
1.740844086
1.951764493
2.096769162
2.895961729
3.198822368
3.586963469
3.41114515
3.889846621
4.058152744
4.746163899
5.152461651
4.052565662
3.092355431
1.897066589
4.009313328
4.34181272
4.079860779
4.228440256
4.068089903
4.353183091
4.354879475
3.74074901
4.574800745
3.786820984
4.300202353
4.190371486
3.427015977
3.869502224
4.406302393
3.982194157
4.230242303
3.874826316
3.757597073
4.927119822
5.744771166
4.602140537
3.069061185
3.870241415
4.283446586
4.893073601
4.236654479
4.053210219
4.265871045
4.030448354
3.662325744
3.581150936
3.363087176
3.350161939
3.410783699
3.465386465
2.514324778
3.176287419
2.488371618
2.22818999
2.726650775
2.564685498
3.171369573
4.815769335
5.593950657
4.04617995
2.416691005
2.779444124
3.800192329
2.997612527
2.755246682
1.788181919
2.403718317
2.89598802
1.61918507
2.199083449
2.434991791
2.833049847
3.044681232
2.891375244
3.177427293
3.134356477
3.393181534
3.673651535
3.713572137
3.446955101
4.108390403
5.659794713
5.980071899
4.8645748
3.831772381
3.601104353
4.07871031
4.735974729
4.750025827
4.112923344
3.646281714
3.333258533
3.602004983
3.369925422
3.435125922
2.345912256
3.385494305
3.417925982
3.655274973
3.318056247
3.178139147
3.743870242
3.712377018
3.658628677
3.944082842
3.977098873
5.20639188
4.591610227
3.115275228
3.161628439
4.239936009
3.885841284
3.481520663
3.379535266
3.26529488
3.006208938
3.053884713
2.620597383
2.091724076
1.370197086
2.23698422
2.75704556
3.046091304
3.027658336
3.410769286
3.801177598
3.883689148
3.535835152
3.608959644
4.794685657
5.734916442
4.624809927
3.219103247
3.534861551
4.194250558
4.098850741
3.41423383
3.292141664
3.2257194
3.376376978
3.424821322
3.051756441
2.940350267
3.38806616
3.775861099
3.628277597
2.393349775
2.750143462
3.142247549
3.437609874
3.563936133
4.042690701
4.029676431
5.17466339
5.997505135
4.151170701
2.416571141
2.411201584
3.29456085
3.284624999
3.524239629
3.295494865
3.207253539
3.156191842
3.17428648
2.964575049
2.79454641
3.318563003
3.365182341
3.524781628
3.128628654
3.306583287
3.551281788
3.692343483
3.835063852
3.431093483
3.779565573
5.627081339
6.067920512
4.619292883
2.196938341
1.666665237
2.947272553
3.294988085
3.480198236
3.461226851
3.222994152
2.801631049
3.203592872
2.960004117
2.768938727
3.153386759
3.538817671
3.344505677
3.342078057
3.253806889
3.307081771
2.714418157
3.397692668
3.295608171
3.568372769
5.613406177
5.065666338
3.177573997
2.224566886
3.127433776
3.748616034
3.348455702
2.327899008
2.796031759
1.692688634
1.958841557
2.491080438
2.586155179
2.784280491
2.887487645
2.104863158
2.47772089
2.742971945
3.000604045
3.244657833
3.473055322
3.694902186
3.919532614
4.063442104
5.006713996
5.256436026
4.162417545
3.081905401
3.170289606
3.987019491
3.83368703
3.500397025
3.23234615
2.810710866
2.912053578
2.147222193
2.46208173
2.667291935
3.022698212
3.309715382
3.423894447
3.182209423
3.322361408
3.382933767
3.768333578
3.817392791
3.68106302
3.954906264
3.631852926
4.971606355
4.047884763
2.791662533
3.016555091
3.631528042
2.506147741
1.834435643
1.752702586
2.172030645
2.249707583
2.841131435
2.838534094
2.708310202
3.092972825
3.204838394
3.181339603
3.440137431
3.576119169
3.438494848
3.233414882
2.547591625
2.630322416
2.962685039
4.348457451
4.186035485
3.950408756
2.744583842
3.329290675
2.478158976
1.643835672
1.547778967
2.31683246
2.509711973
2.499105922
2.830356736
1.873978043
1.32127414
1.293505692
1.398022719
1.926954065
2.637531882
3.03307423
3.338631384
3.37129735
3.574637319
2.903407994
2.672025306
4.196733985
5.498258446
3.690698805
2.772353701
3.145547712
3.500253265
3.677400084
3.310725861
3.500115066
3.409060767
3.133008446
3.531326575
3.020811152
2.757417763
3.240556347
3.740167222
3.728666034
3.436838617
3.596032988
3.598216671
3.884432433
3.755640652
3.730433133
5.044336674
6.154658963
4.810473941
3.578408721
2.148605744
2.299711665
3.230819203
3.124938044
3.128606188
1.789581922
2.484856695
2.273296425
2.65536689
2.764873101
3.003632598
3.409424739
3.585913328
3.601277227
3.384639193
3.061488766
3.235167974
3.217877381
3.193689825
3.501827238
4.045015017
5.555153817
3.64422899
3.675635198
3.61083718
2.999238937
3.240191849
3.251192311
3.064057631
2.293018248
2.965556799
2.894387717
2.677774949
1.731540109
2.576119079
3.09376982
3.543045349
3.434394338
3.581383292
3.358881398
3.33086872
3.688499608
3.697396534
3.842236033
4.883883739
4.22695523
3.551676506
3.768181514
3.637591757
3.87972315
3.8768991
3.474412141
3.609177055
4.550172887
4.466941738
3.706809395
3.138078496
2.86004224
2.801273483
3.220048014
3.423709191
3.366298088
3.600316231
3.657369708
3.398086375
3.71834998
3.653863886
3.85258282
2.845490195
4.367635862
4.551659422
3.805477129
3.616043878
3.6916407
3.457237237
2.689697797
2.011395293
4.200066805
3.404750451
3.25641861
2.792082832
2.47015114
2.725539274
3.14133474
1.991988939
1.921199216
2.906185256
3.207710753
3.320268269
3.34457457
3.722233155
3.491916498
3.789289716
4.457740082
4.976054891
4.34774851
4.104918913
3.892195896
4.27799545
4.106011728
4.023432301
3.908776324
3.494195429
3.45331503
3.418350974
3.145094564
2.898016056
3.245378644
2.812354105
3.192524901
3.538349757
3.546067178
3.346210756
3.675582919
3.811162951
3.597129575
3.519322503
5.661912909
4.826154636
4.608936814
3.99899356
3.629158436
3.492255717
3.489784964
3.32920275
3.698321406
3.478756778
3.671287251
2.995509559
2.925317667
3.102848793
3.106710494
3.17181393
3.637465929
3.830792988
3.764718562
3.551564113
3.846807912
3.839219289
3.323217543
4.159403577
4.412958474
5.227339285
4.480295546
4.092033584
4.254569446
3.759781017
3.362167239
2.055944142
2.544227
3.038768556
3.304832126
3.240675335
2.988297541
3.144579533
2.873872713
2.216301478
3.505510376
3.299145959
3.435369856
3.498233502
3.382962377
3.182286212
3.374947892
4.049435817
4.604141744
5.174922039
4.392508309
4.008626463
3.358553934
3.105384007
2.965978751
3.136619953
3.459275558
3.85900169
3.413318784
3.163542747
3.090808597
3.129268987
3.169849997
3.185612952
3.407656722
3.838245642
3.62944546
3.162307471
2.625668814
3.550800561
3.455733639
4.479985551
3.314089425
4.848645327
4.383431261
4.163748592
3.333090981
2.319094649
2.556216216
2.951096815
3.454041782
2.748649491
3.445021305
3.229849884
2.93314149
3.035797132
2.819722766
2.195709248
2.750134889
4.121028407
3.52858264
3.236910673
3.219962487
3.324605034
3.43958193
3.783407421
4.301946546
4.30142463
4.319442771
3.512436378
3.583634773
3.597945144
3.24624783
2.873685745
3.344466972
3.517356132
3.40805242
3.178758095
3.377216944
3.152586037
1.722991526
3.249529184
3.529375173
3.51131905
3.741356518
2.538702567
3.397085242
4.019211996
3.425310053
3.571837011
4.534543779
4.909936842
4.227861553
3.594430802
3.835211087
3.456129935
3.511544947
3.37154237
3.696555712
2.583929504
3.841096888
3.6341659
3.119491128
2.95537507
2.770682696
2.824319067
3.478701702
3.821870146
3.378698745
3.611922559
3.701938178
2.648538697
4.077824559
3.835010937
4.547366746
4.643171814
4.102088142
3.718459477
4.065117477
3.891216408
3.400784453
3.289969206
3.821449643
2.360555747
3.388382326
3.383886481
2.149848016
3.120899405
2.80662711
3.093819151
3.612076788
3.411838985
3.499748822
3.357104056
3.487508641
3.713966821
4.014935626
3.733688519
3.965744642
4.380441871
4.349812361
3.498328762
3.824210392
3.874111729
3.71850858
3.808476123
2.876700228
3.084879313
3.350741658
3.301082561
3.093990236
3.148222611
2.98522291
3.111703288
3.761913516
2.803943193
3.750080427
3.682265391
3.714712126
3.73204979
3.800762387
3.638797736
3.315950586
5.392703504
3.289598053
4.123733493
4.350928056
4.391794221
3.879299628
3.714182417
3.083394107
3.447660298
3.434877831
3.257860034
3.272217672
2.809575703
2.925796567
3.110445809
3.272873864
3.897950476
3.318395169
3.558497867
3.442844068
3.729417176
3.59507931
3.765948335
4.746664521
4.665732064
4.132592071
4.405108446
4.621022053
4.219569223
3.780675815
2.792379525
3.211011473
2.213179966
3.329695141
3.168012239
2.900116716
3.314580342
2.894703693
3.248848905
3.523789786
3.571672578
3.659202343
3.668456227
3.847817595
3.963649403
3.748615446
4.010397039
4.662464868
4.22450284
4.414646408
4.337303523
4.494324118
3.026293267
2.705139036
3.411834125
3.195097077
3.184060364
2.862393419
3.381689545
3.220394717
3.024223534
3.009892616
