0.0
0.0
0.0
0.0
0.0
234.6
21.2
20.2
73.6
0.0
0.0
0.0
0.0
0.0
0.0
0.0
0.0
261.8
0.0
0.0
0.0
99.2
57.2
92.4
0.0
0.0
0.0
0.0
0.0
1446.2
0.0
0.0
0.0
0.0
0.0
0.0
0.0
0.0
0.0
0.0
0.0
0.0
0.0
0.0
0.0
0.0
0.0
0.0
0.0
0.0
0.0
0.0
0.0
0.0
0.0
3391.0
0.0
128.4
91.6
344.8
0.0
0.0
243.8
0.0
0.0
0.0
1195.4
95.4
335.8
0.0
33.6
282.6
0.0
0.0
0.0
0.0
126.6
1293.0
31.6
0.0
0.0
0.0
26.6
113.0
0.0
0.0
0.0
0.0
78.2
0.0
1341.8
20.8
0.0
88.6
70.2
236.2
0.0
0.0
0.0
0.0
69.6
2200.2
227.2
0.0
0.0
29.2
0.0
0.0
0.0
0.0
0.0
0.0
120.8
26.2
250.2
1559.6
0.0
714.4
78.4
134.6
0.0
0.0
0.0
0.0
0.0
0.0
0.0
0.0
0.0
0.0
0.0
20.2
0.0
0.0
0.0
0.0
25.4
0.0
0.0
0.0
0.0
124.2
0.0
0.0
0.0
0.0
0.0
0.0
0.0
0.0
21.4
0.0
0.0
191.4
0.0
0.0
0.0
0.0
0.0
0.0
42.4
0.0
786.8
36.6
150.4
26.4
75.6
71.2
103.8
0.0
0.0
0.0
0.0
0.0
21.0
0.0
0.0
238.8
114.6
114.6
0.0
0.0
0.0
0.0
0.0
179.4
0.0
107.6
113.0
130.8
52.8
0.0
0.0
0.0
0.0
0.0
149.0
0.0
0.0
0.0
40.6
195.4
123.2
116.8
0.0
233.8
0.0
0.0
0.0
0.0
0.0
0.0
0.0
49.6
271.8
200.6
0.0
232.8
0.0
0.0
110.2
186.6
0.0
0.0
0.0
0.0
58.8
112.6
0.0
0.0
0.0
0.0
645.6
0.0
0.0
0.0
0.0
0.0
0.0
0.0
0.0
0.0
0.0
0.0
0.0
0.0
0.0
0.0
0.0
0.0
0.0
0.0
0.0
0.0
0.0
0.0
0.0
0.0
0.0
0.0
0.0
0.0
0.0
0.0
0.0
0.0
0.0
0.0
0.0
0.0
0.0
0.0
0.0
59.6
0.0
278.8
0.0
27.6
0.0
0.0
23.2
400.6
0.0
109.2
0.0
0.0
240.4
0.0
0.0
0.0
0.0
0.0
104.4
127.6
106.0
0.0
0.0
0.0
0.0
69.6
0.0
0.0
0.0
0.0
1213.6
0.0
372.4
0.0
103.2
21.2
112.6
47.0
0.0
0.0
0.0
0.0
143.6
0.0
0.0
0.0
250.4
0.0
151.4
93.2
0.0
0.0
0.0
0.0
0.0
2156.0
0.0
0.0
0.0
90.8
0.0
117.4
0.0
0.0
0.0
210.2
57.0
0.0
0.0
0.0
0.0
47.4
285.2
205.6
0.0
0.0
0.0
0.0
75.6
0.0
0.0
0.0
0.0
0.0
0.0
0.0
0.0
0.0
0.0
0.0
0.0
0.0
0.0
25.4
129.0
0.0
0.0
0.0
0.0
0.0
0.0
0.0
0.0
217.4
0.0
0.0
0.0
0.0
0.0
0.0
0.0
0.0
0.0
0.0
0.0
0.0
141.2
270.2
106.4
138.8
124.0
92.6
0.0
0.0
0.0
0.0
61.8
0.0
0.0
0.0
0.0
43.0
21.4
49.6
0.0
58.0
0.0
0.0
0.0
0.0
0.0
0.0
0.0
0.0
56.2
124.8
0.0
0.0
0.0
0.0
116.6
0.0
134.8
0.0
0.0
76.4
0.0
223.2
0.0
0.0
0.0
0.0
318.8
1017.8
0.0
0.0
0.0
155.6
122.4
0.0
100.8
0.0
0.0
0.0
0.0
0.0
0.0
1253.4
69.6
0.0
0.0
0.0
0.0
0.0
0.0
0.0
0.0
0.0
323.0
101.8
0.0
0.0
123.2
142.8
0.0
0.0
0.0
0.0
138.4
317.8
1580.4
0.0
0.0
3217.6
117.2
0.0
0.0
0.0
0.0
0.0
34.2
193.4
385.0
0.0
0.0
78.8
0.0
121.8
0.0
0.0
0.0
0.0
151.0
0.0
0.0
0.0
0.0
268.2
0.0
121.2
0.0
0.0
0.0
0.0
134.0
0.0
0.0
81.2
0.0
94.6
0.0
0.0
0.0
0.0
0.0
0.0
0.0
277.2
1113.0
0.0
0.0
3214.2
104.6
0.0
104.2
0.0
0.0
0.0
119.4
0.0
167.0
0.0
442.6
512.8
50.4
123.8
0.0
166.4
0.0
84.6
0.0
0.0
0.0
0.0
0.0
0.0
137.6
59.8
0.0
0.0
0.0
0.0
149.8
0.0
526.8
20.8
0.0
326.6
121.6
0.0
0.0
0.0
0.0
0.0
0.0
128.4
0.0
621.2
71.2
440.8
0.0
0.0
0.0
0.0
0.0
0.0
149.4
180.8
0.0
0.0
98.6
119.0
25.6
0.0
0.0
0.0
0.0
0.0
0.0
0.0
110.6
662.2
0.0
137.0
127.0
115.0
0.0
0.0
0.0
0.0
0.0
34.8
115.4
136.0
848.4
113.4
24.8
124.2
0.0
0.0
0.0
0.0
43.2
2780.6
0.0
119.6
0.0
51.6
22.2
120.4
0.0
0.0
0.0
0.0
214.2
125.4
0.0
0.0
0.0
0.0
0.0
0.0
0.0
0.0
0.0
0.0
0.0
98.6
0.0
651.8
0.0
820.6
67.0
45.4
0.0
0.0
0.0
0.0
0.0
0.0
357.2
0.0
0.0
0.0
69.8
96.8
0.0
148.6
0.0
0.0
0.0
0.0
644.2
307.0
0.0
98.2
0.0
122.0
0.0
0.0
0.0
0.0
0.0
0.0
0.0
0.0
0.0
0.0
101.8
127.4
0.0
0.0
0.0
0.0
93.8
23.6
309.6
0.0
0.0
0.0
30.4
121.2
0.0
0.0
0.0
0.0
0.0
234.4
23.8
0.0
0.0
0.0
32.4
135.6
62.0
0.0
0.0
0.0
0.0
0.0
200.0
0.0
0.0
0.0
126.2
123.8
0.0
0.0
0.0
0.0
57.6
3483.6
0.0
0.0
0.0
0.0
51.4
0.0
0.0
0.0
0.0
0.0
0.0
62.8
523.2
0.0
0.0
25.2
0.0
0.0
0.0
0.0
0.0
0.0
0.0
3101.8
138.4
210.0
20.2
173.8
0.0
0.0
0.0
0.0
0.0
0.0
0.0
219.6
170.0
0.0
0.0
221.4
0.0
83.8
0.0
0.0
0.0
0.0
0.0
132.6
458.4
0.0
0.0
237.6
25.0
144.8
0.0
0.0
0.0
0.0
279.2
271.6
1386.2
0.0
0.0
0.0
0.0
0.0
0.0
0.0
0.0
0.0
0.0
0.0
0.0
0.0
0.0
0.0
0.0
0.0
0.0
0.0
0.0
0.0
0.0
0.0
0.0
0.0
0.0
0.0
0.0
0.0
0.0
118.8
0.0
0.0
0.0
0.0
0.0
1388.2
427.4
114.8
70.6
26.2
0.0
0.0
0.0
0.0
31.8
1229.0
161.2
741.6
771.0
22.8
0.0
159.8
0.0
0.0
0.0
0.0
0.0
746.6
0.0
0.0
0.0
0.0
44.2
104.0
0.0
0.0
0.0
0.0
0.0
0.0
1237.6
658.2
0.0
92.8
89.0
0.0
0.0
0.0
0.0
0.0
0.0
0.0
0.0
490.4
524.4
0.0
327.0
64.8
0.0
0.0
0.0
0.0
171.0
0.0
1193.6
1126.6
1248.6
0.0
122.0
121.8
274.8
0.0
0.0
0.0
34.66666667
1173.0
1182.2
0.0
1220.0
2797.0
0.0
0.0
0.0
0.0
0.0
47.6
0.0
1180.6
1184.2
1237.0
1208.6
0.0
162.0
128.6
0.0
0.0
0.0
0.0
0.0
1548.2
1241.8
1286.0
1274.2
0.0
0.0
130.6
0.0
0.0
0.0
0.0
0.0
1529.4
1392.8
1403.0
1318.0
179.6
81.4
69.6
0.0
0.0
0.0
0.0
0.0
1303.8
2682.4
1321.8
1367.8
0.0
47.6
25.8
0.0
0.0
0.0
47.4
0.0
0.0
1384.8
4626.0
765.6
0.0
47.8
135.4
26.6
84.6
0.0
0.0
0.0
24.6
638.4
639.6
623.4
0.0
120.8
118.4
0.0
0.0
111.2
0.0
0.0
255.6
1422.4
1433.8
1418.6
0.0
73.0
133.2
0.0
0.0
0.0
0.0
0.0
1365.8
1399.6
1476.0
1505.4
0.0
0.0
50.8
0.0
0.0
0.0
0.0
0.0
1412.8
1423.6
1555.8
1341.4
23.6
0.0
167.4
0.0
0.0
0.0
0.0
0.0
1136.2
928.0
958.6
1456.8
125.0
117.4
151.6
0.0
0.0
0.0
0.0
0.0
1582.0
774.8
810.6
1503.4
122.8
24.4
0.0
0.0
22.0
0.0
0.0
0.0
953.2
1422.8
1365.6
1369.4
20.8
142.0
76.8
0.0
0.0
111.8
0.0
0.0
1383.4
1382.4
1360.4
1356.0
1234.0
0.0
0.0
0.0
0.0
0.0
112.4
0.0
1607.2
4571.0
1339.0
545.8
43.4
178.2
0.0
0.0
48.2
0.0
0.0
0.0
1457.0
1477.0
1387.0
1403.8
0.0
175.0
0.0
0.0
0.0
0.0
0.0
0.0
1416.0
2707.4
0.0
135.0
0.0
76.6
0.0
0.0
0.0
0.0
0.0
224.6
930.6
1071.2
676.4
668.6
0.0
124.0
0.0
151.8
0.0
0.0
0.0
738.4
663.2
1502.6
1475.6
1648.6
108.2
182.0
0.0
0.0
0.0
0.0
0.0
1777.2
613.2
625.6
1407.0
355.4
120.8
143.4
0.0
0.0
0.0
0.0
0.0
2034.4
1488.6
1662.2
1403.0
0.0
30.0
142.0
0.0
0.0
0.0
0.0
0.0
2000.8
1365.0
4672.4
1396.8
369.8
150.0
30.8
107.4
0.0
153.8
86.8
635.0
683.4
1340.4
1376.2
1375.2
765.2
0.0
136.8
0.0
88.6
0.0
67.8
43.8
0.0
1336.6
1392.6
1393.4
1407.0
48.8
0.0
0.0
0.0
0.0
0.0
0.0
2742.8
1539.0
1400.2
503.8
557.0
0.0
143.0
85.4
0.0
0.0
24.4
0.0
0.0
1368.0
530.0
501.0
789.6
0.0
104.2
0.0
0.0
0.0
0.0
0.0
0.0
0.0
0.0
0.0
0.0
0.0
177.4
0.0
0.0
73.0
0.0
0.0
144.0
1342.6
1405.2
1401.2
1421.6
120.8
186.8
0.0
0.0
121.0
0.0
0.0
0.0
1481.2
1584.5
1381.2
1375.8
83.4
0.0
0.0
0.0
0.0
0.0
0.0
0.0
1360.4
1386.6
1423.4
566.4
120.2
78.6
0.0
0.0
0.0
0.0
0.0
0.0
1486.8
501.8
561.8
508.2
0.0
45.2
0.0
0.0
0.0
0.0
118.2
3403.2
1350.2
0.0
526.2
761.8
536.8
91.4
0.0
0.0
0.0
0.0
0.0
892.8
1421.8
0.0
1405.0
1639.0
90.8
135.2
81.4
0.0
0.0
0.0
0.0
3373.2
1345.8
0.0
1380.2
536.6
22.8
117.6
0.0
0.0
0.0
0.0
0.0
142.2
639.4
0.0
522.2
587.6
0.0
132.0
0.0
0.0
0.0
0.0
0.0
0.0
1504.4
0.0
1464.2
785.0
65.6
130.4
0.0
0.0
0.0
0.0
0.0
0.0
1369.0
0.0
511.2
698.4
20.6
0.0
0.0
0.0
0.0
20.6
0.0
0.0
1371.0
2096.6
1508.8
1736.6
25.0
58.8
0.0
0.0
0.0
0.0
0.0
62.8
1404.6
0.0
555.4
538.0
22.0
136.2
0.0
0.0
20.8
0.0
0.0
107.4
1385.8
0.0
538.2
545.6
22.4
113.4
0.0
0.0
0.0
0.0
0.0
0.0
1693.2
0.0
554.0
541.6
0.0
0.0
25.0
0.0
0.0
0.0
0.0
0.0
1360.0
3373.2
513.2
543.2
0.0
106.8
0.0
132.8
0.0
0.0
0.0
142.2
1513.6
0.0
1385.0
1578.2
209.0
98.8
0.0
0.0
0.0
0.0
0.0
2103.2
1501.2
709.6
1426.2
528.4
0.0
143.4
0.0
0.0
0.0
25.2
0.0
1278.0
1359.6
0.0
0.0
0.0
0.0
0.0
0.0
0.0
0.0
0.0
0.0
281.8
2925.8
907.6
928.6
905.8
917.0
250.8
0.0
737.6
849.0
0.0
0.0
204.0
615.8
57.4
512.4
632.2
146.2
135.0
0.0
0.0
0.0
0.0
0.0
742.4
1337.2
64.0
518.4
1689.4
104.4
40.6
0.0
0.0
0.0
61.2
275.8
0.0
1104.2
756.8
1409.2
1923.2
124.6
127.0
0.0
0.0
0.0
0.0
0.0
106.8
1385.0
0.0
1409.0
1756.6
66.2
116.4
0.0
0.0
0.0
0.0
0.0
0.0
501.8
65.8
509.0
1197.0
83.0
120.6
0.0
0.0
0.0
0.0
0.0
2931.4
1390.8
1728.6
518.4
809.8
87.0
81.2
0.0
0.0
0.0
181.8
0.0
992.0
1702.6
741.4
1227.0
1105.2
43.4
139.6
21.2
63.8
0.0
0.0
0.0
122.4
1369.0
63.6
516.4
570.2
84.0
102.0
0.0
0.0
0.0
0.0
118.2
62.6
1230.6
750.6
575.6
841.8
78.8
121.0
0.0
0.0
0.0
0.0
0.0
2085.8
1359.6
3370.2
522.2
553.8
132.4
140.0
0.0
0.0
22.0
0.0
0.0
1610.6
2688.6
0.0
528.8
1515.4
66.2
82.0
0.0
130.2
0.0
0.0
259.2
982.4
494.6
71.8
550.2
545.6
63.8
103.6
0.0
0.0
51.2
0.0
0.0
708.6
1616.8
0.0
561.6
522.8
0.0
137.4
0.0
0.0
0.0
0.0
0.0
715.6
1366.0
0.0
519.6
541.4
108.2
40.6
0.0
725.2
802.6
0.0
0.0
0.0
490.0
0.0
536.0
877.5
64.2
123.8
0.0
0.0
0.0
0.0
0.0
1596.8
1156.2
0.0
514.6
137.8
128.0
88.6
0.0
0.0
0.0
0.0
0.0
1554.2
1323.8
3319.4
538.2
2139.0
110.8
72.0
0.0
52.6
20.2
81.8
32.6
748.6
1376.8
21.8
526.6
519.0
21.0
100.4
0.0
0.0
20.2
20.4
0.0
730.8
278.2
46.8
513.2
525.0
87.0
135.2
0.0
0.0
0.0
0.0
313.2
972.2
1363.6
91.0
1413.4
799.0
102.2
153.8
40.4
20.2
0.0
0.0
0.0
2650.4
1377.4
2781.4
536.0
530.2
43.8
0.0
0.0
0.0
127.0
0.0
0.0
705.8
2370.4
949.4
527.2
1025.6
84.4
126.8
20.2
0.0
0.0
0.0
0.0
747.4
1480.0
895.8
545.0
544.4
20.2
0.0
0.0
0.0
0.0
0.0
0.0
804.8
1394.4
106.4
556.4
551.8
105.2
108.8
28.0
20.2
81.8
82.4
0.0
826.2
0.0
4704.5
1412.6
1086.8
209.6
0.0
0.0
0.0
0.0
0.0
717.2
0.0
0.0
1378.0
1377.0
1365.4
0.0
91.0
20.2
0.0
0.0
0.0
679.0
758.2
0.0
1372.0
1376.2
1410.2
61.0
0.0
0.0
0.0
157.0
0.0
739.4
712.4
0.0
4451.8
1390.6
541.8
148.6
45.2
0.0
723.2
819.0
0.0
0.0
2274.2
0.0
1386.6
524.0
545.2
0.0
118.4
0.0
0.0
0.0
0.0
678.2
1779.4
1092.4
2692.2
1845.166667
528.6
134.0
132.4
0.0
0.0
0.0
0.0
661.6
1589.4
0.0
1382.2
539.6
521.0
0.0
133.6
0.0