352.8
0.0
0.0
0.0
0.0
188.6
0.0
234.2
276.2
434.8
255.2
0.0
0.0
0.0
0.0
0.0
169.8
0.0
1367.4
221.4
235.6
292.8
298.2
0.0
0.0
0.0
0.0
0.0
134.4
0.0
0.0
0.0
0.0
0.0
0.0
0.0
0.0
0.0
0.0
0.0
0.0
202.2
183.4
0.0
0.0
0.0
0.0
0.0
0.0
0.0
0.0
0.0
0.0
0.0
0.0
204.6
161.0
178.4
185.8
264.8
0.0
0.0
0.0
0.0
0.0
0.0
0.0
61.2
254.6
326.8
325.0
0.0
0.0
0.0
0.0
0.0
0.0
0.0
683.4
220.8
213.0
174.0
287.4
0.0
0.0
0.0
0.0
0.0
0.0
244.8
2050.2
190.8
0.0
79.8
0.0
0.0
0.0
0.0
0.0
0.0
167.0
292.8
0.0
230.4
233.4
171.4
356.2
0.0
0.0
0.0
0.0
0.0
20.2
197.4
222.2
194.2
272.6
324.2
332.8
0.0
0.0
0.0
0.0
0.0
700.4
0.0
0.0
0.0
0.0
0.0
0.0
59.2
0.0
0.0
0.0
0.0
0.0
0.0
0.0
170.2
277.2
201.2
0.0
0.0
0.0
0.0
0.0
0.0
0.0
0.0
0.0
0.0
0.0
111.2
0.0
0.0
0.0
0.0
0.0
0.0
0.0
0.0
0.0
0.0
0.0
0.0
324.2
307.0
0.0
0.0
0.0
0.0
89.8
36.4
458.8
212.8
255.4
0.0
0.0
0.0
0.0
0.0
0.0
0.0
182.2
0.0
0.0
213.0
0.0
313.0
0.0
0.0
0.0
0.0
0.0
0.0
172.4
206.4
168.2
246.4
230.2
256.8
336.8
0.0
0.0
0.0
0.0
0.0
0.0
240.4
0.0
0.0
240.4
284.6
245.4
0.0
0.0
0.0
0.0
0.0
40.8
0.0
0.0
205.8
221.2
349.8
348.8
0.0
0.0
0.0
0.0
0.0
0.0
0.0
0.0
0.0
0.0
0.0
0.0
0.0
0.0
0.0
0.0
0.0
0.0
0.0
0.0
0.0
0.0
0.0
0.0
0.0
0.0
0.0
0.0
0.0
0.0
0.0
0.0
0.0
0.0
0.0
0.0
0.0
0.0
0.0
0.0
0.0
0.0
0.0
0.0
209.2
241.8
286.0
276.4
99.0
0.0
0.0
0.0
0.0
85.8
0.0
753.0
257.0
240.4
162.8
279.6
330.4
0.0
0.0
0.0
0.0
20.6
371.6
191.6
233.4
253.8
182.8
283.8
0.0
0.0
0.0
0.0
0.0
86.4
140.4
0.0
194.6
284.8
327.0
294.0
280.6
0.0
0.0
0.0
0.0
0.0
0.0
0.0
253.8
299.0
195.4
289.0
0.0
0.0
0.0
0.0
0.0
86.0
0.0
0.0
208.8
334.2
334.6
306.4
0.0
0.0
0.0
0.0
0.0
0.0
0.0
73.2
205.8
243.6
391.8
0.0
0.0
0.0
0.0
0.0
0.0
0.0
250.4
866.8
247.4
201.4
0.0
0.0
0.0
0.0
0.0
0.0
0.0
0.0
0.0
195.6
169.8
211.2
0.0
0.0
0.0
0.0
0.0
0.0
0.0
173.6
0.0
0.0
0.0
0.0
0.0
0.0
0.0
0.0
0.0
0.0
0.0
0.0
172.8
270.2
207.4
170.4
265.6
375.0
0.0
0.0
0.0
0.0
0.0
77.6
0.0
0.0
0.0
59.8
248.2
349.8
0.0
0.0
0.0
0.0
0.0
0.0
0.0
0.0
0.0
0.0
0.0
286.4
0.0
0.0
0.0
0.0
0.0
0.0
0.0
0.0
0.0
257.8
188.8
315.2
0.0
0.0
0.0
0.0
0.0
0.0
0.0
0.0
0.0
203.2
0.0
0.0
0.0
0.0
0.0
0.0
0.0
0.0
0.0
0.0
1264.2
251.4
0.0
0.0
0.0
0.0
0.0
0.0
0.0
0.0
200.8
691.0
251.2
203.0
321.2
360.0
0.0
0.0
0.0
0.0
0.0
270.8
161.6
1112.2
241.2
0.0
35.0
198.8
279.6
0.0
0.0
0.0
0.0
0.0
0.0
0.0
0.0
0.0
267.2
337.8
0.0
0.0
0.0
0.0
0.0
0.0
327.0
0.0
0.0
213.8
263.8
366.6
106.0
0.0
0.0
0.0
0.0
0.0
0.0
895.0
211.2
243.2
178.2
0.0
0.0
0.0
0.0
0.0
0.0
0.0
0.0
0.0
0.0
0.0
250.2
414.8
0.0
0.0
44.2
0.0
0.0
0.0
0.0
239.0
195.2
202.4
174.4
146.8
0.0
0.0
0.0
0.0
0.0
0.0
0.0
172.6
239.0
0.0
209.2
324.6
78.2
0.0
0.0
0.0
0.0
0.0
204.8
203.8
178.4
172.8
209.8
397.2
0.0
0.0
0.0
0.0
0.0
703.0
211.8
228.8
165.0
180.6
2512.8
432.8
0.0
0.0
0.0
0.0
0.0
350.6
0.0
0.0
0.0
0.0
257.0
355.6
0.0
0.0
0.0
0.0
0.0
0.0
0.0
0.0
180.4
0.0
303.6
82.6
0.0
0.0
0.0
0.0
0.0
30.4
234.4
894.2
223.4
245.6
0.0
102.4
0.0
0.0
0.0
0.0
0.0
0.0
0.0
1034.6
188.2
0.0
174.8
336.2
0.0
0.0
0.0
0.0
0.0
167.4
265.4
173.4
0.0
0.0
0.0
0.0
0.0
0.0
0.0
0.0
0.0
0.0
0.0
185.4
223.6
252.8
1074.6
22.2
0.0
0.0
0.0
0.0
0.0
0.0
0.0
0.0
0.0
0.0
0.0
325.8
0.0
0.0
0.0
0.0
0.0
0.0
0.0
0.0
0.0
0.0
0.0
345.4
0.0
0.0
0.0
0.0
0.0
0.0
253.4
168.8
166.0
212.4
311.4
0.0
0.0
0.0
0.0
0.0
0.0
0.0
0.0
444.4
0.0
0.0
0.0
366.0
372.8
0.0
0.0
0.0
0.0
0.0
260.0
1173.6
0.0
0.0
0.0
310.8
0.0
0.0
0.0
0.0
0.0
166.6
223.6
654.6
185.8
183.6
255.8
394.8
0.0
0.0
0.0
0.0
0.0
0.0
0.0
0.0
0.0
0.0
0.0
190.0
0.0
0.0
0.0
0.0
0.0
0.0
0.0
252.4
0.0
0.0
0.0
0.0
0.0
0.0
0.0
0.0
0.0
0.0
228.2
166.8
183.0
905.6
215.0
344.6
0.0
0.0
0.0
0.0
0.0
188.2
182.8
314.0
178.2
179.8
240.8
325.8
0.0
0.0
0.0
0.0
0.0
209.8
171.2
165.4
0.0
0.0
167.4
164.6
367.8
0.0
0.0
0.0
0.0
0.0
228.6
160.8
303.2
0.0
0.0
0.0
0.0
0.0
0.0
0.0
0.0
0.0
0.0
0.0
0.0
0.0
0.0
0.0
0.0
0.0
0.0
0.0
0.0
0.0
0.0
0.0
0.0
0.0
0.0
0.0
0.0
0.0
0.0
0.0
0.0
0.0
0.0
0.0
0.0
80.8
312.8
294.2
0.0
0.0
0.0
0.0
0.0
0.0
744.4
179.8
445.2
359.8
230.0
341.8
0.0
0.0
0.0
0.0
90.2
0.0
604.8
0.0
0.0
0.0
0.0
0.0
0.0
0.0
0.0
0.0
0.0
200.4
0.0
609.6
79.2
0.0
250.0
339.8
0.0
0.0
0.0
0.0
0.0
0.0
0.0
0.0
0.0
0.0
0.0
61.6
0.0
0.0
0.0
0.0
0.0
1956.8
0.0
660.0
636.2
622.0
0.0
0.0
0.0
0.0
0.0
0.0
0.0
173.3333333
650.6
757.0
0.0
692.2
162.2
307.0
374.4
0.0
0.0
0.0
117.2
0.0
562.6
585.2
588.0
610.6
0.0
224.6
0.0
0.0
0.0
0.0
0.0
0.0
769.6
722.0
608.8
640.0
0.0
318.2
0.0
0.0
0.0
0.0
0.0
0.0
628.0
1385.6
669.6
725.8
175.2
0.0
0.0
0.0
0.0
0.0
0.0
378.0
650.8
685.0
664.2
877.0
0.0
265.2
0.0
0.0
0.0
0.0
0.0
0.0
0.0
802.6
788.6
0.0
0.0
259.0
0.0
0.0
0.0
0.0
0.0
0.0
262.6
183.8
64.6
404.2
288.2
312.8
0.0
0.0
0.0
0.0
0.0
0.0
202.6
1370.4
821.8
844.2
161.8
286.4
141.4
0.0
0.0
0.0
0.0
0.0
659.0
698.0
700.6
699.0
0.0
350.0
0.0
0.0
0.0
0.0
0.0
0.0
834.0
804.4
891.0
1117.8
182.8
292.0
0.0
0.0
0.0
0.0
0.0
0.0
603.0
987.6
165.0
813.6
244.0
0.0
0.0
0.0
0.0
0.0
0.0
0.0
844.4
267.8
289.8
866.4
175.8
327.6
0.0
0.0
0.0
0.0
0.0
334.2
206.6
846.2
780.6
478.0
0.0
0.0
0.0
0.0
0.0
0.0
0.0
223.8
1710.0
866.2
711.0
734.4
595.4
108.4
0.0
0.0
0.0
0.0
0.0
0.0
722.6
759.2
842.6
187.2
233.0
382.2
0.0
0.0
0.0
0.0
0.0
194.6
847.2
882.8
1571.8
935.2
240.2
44.4
0.0
0.0
0.0
0.0
0.0
0.0
481.2
743.2
0.0
0.0
240.2
0.0
0.0
0.0
0.0
0.0
0.0
2631.4
198.0
375.8
210.4
239.4
240.8
0.0
0.0
0.0
0.0
0.0
0.0
448.6
2205.2
804.6
731.4
181.4
178.4
0.0
0.0
0.0
0.0
0.0
0.0
727.0
0.0
0.0
900.8
229.0
238.2
0.0
0.0
0.0
0.0
0.0
0.0
2166.8
704.8
726.6
1258.0
0.0
0.0
0.0
0.0
0.0
0.0
0.0
0.0
0.0
726.6
768.8
758.6
172.0
240.8
87.4
0.0
0.0
0.0
0.0
0.0
0.0
729.6
745.4
737.0
0.0
0.0
277.0
0.0
0.0
0.0
0.0
0.0
185.4
758.4
881.8
1769.0
1730.6
175.8
0.0
0.0
0.0
0.0
0.0
0.0
0.0
756.0
744.4
99.4
0.0
0.0
67.6
0.0
0.0
0.0
0.0
0.0
228.4
857.0
204.2
0.0
0.0
0.0
0.0
0.0
0.0
0.0
0.0
0.0
0.0
0.0
0.0
0.0
0.0
0.0
0.0
0.0
0.0
0.0
0.0
0.0
258.6
714.6
720.4
761.0
769.0
141.8
0.0
0.0
0.0
0.0
0.0
0.0
0.0
777.8
888.5
750.4
752.8
267.8
356.6
0.0
0.0
0.0
0.0
0.0
163.2
825.6
730.8
750.8
0.0
173.6
111.0
0.0
0.0
0.0
0.0
0.0
2838.8
858.2
197.2
158.4
207.6
173.0
347.8
0.0
0.0
0.0
0.0
163.6
0.0
721.8
0.0
0.0
0.0
243.6
111.6
0.0
0.0
0.0
0.0
0.0
3472.2
834.6
0.0
754.4
950.0
256.2
0.0
0.0
0.0
0.0
0.0
168.2
0.0
848.0
148.0
943.2
0.0
0.0
0.0
0.0
0.0
0.0
0.0
0.0
1371.2
986.0
0.0
204.0
173.0
189.4
0.0
0.0
0.0
0.0
0.0
0.0
2820.8
970.6
189.8
0.0
537.6
144.6
313.8
0.0
0.0
0.0
0.0
0.0
0.0
711.0
0.0
0.0
0.0
0.0
110.4
0.0
0.0
0.0
0.0
0.0
199.0
745.6
230.6
873.6
896.0
168.2
420.0
0.0
0.0
0.0
0.0
0.0
115.0
1687.6
192.4
0.0
0.0
230.6
86.8
0.0
0.0
0.0
0.0
0.0
180.4
849.6
158.6
169.0
181.6
176.8
318.2
0.0
0.0
0.0
0.0
0.0
2768.2
739.0
0.0
201.2
0.0
0.0
81.6
0.0
0.0
0.0
0.0
0.0
0.0
743.0
257.4
0.0
0.0
0.0
110.0
0.0
0.0
0.0
0.0
328.8
64.0
815.8
226.4
3597.0
900.4
303.6
362.6
0.0
0.0
0.0
0.0
0.0
2120.6
746.8
0.0
748.6
0.0
174.6
300.0
0.0
0.0
0.0
0.0
0.0
2800.8
915.6
0.0
0.0
0.0
0.0
0.0
0.0
0.0
0.0
0.0
0.0
0.0
773.0
279.2
253.4
242.4
177.2
177.8
69.0
0.0
0.0
0.0
110.0
241.0
260.8
214.6
1222.2
220.0
360.6
222.6
0.0
0.0
0.0
0.0
0.0
0.0
772.8
0.0
116.4
0.0
70.4
101.2
0.0
0.0
0.0
0.0
0.0
117.2
2219.4
0.0
881.8
882.8
243.6
151.2
87.4
110.0
110.8
111.2
112.0
848.0
1630.0
274.2
938.6
918.0
190.4
375.6
118.4
117.6
0.0
0.0
114.2
0.0
117.0
0.0
23.2
0.0
0.0
299.4
67.8
119.4
0.0
0.0
162.8
808.8
801.0
0.0
0.0
28.0
264.6
341.6
0.0
0.0
0.0
0.0
0.0
0.0
2040.8
0.0
208.4
259.0
0.0
103.6
310.0
0.0
23.4
0.0
0.0
116.8
723.4
162.8
0.0
507.8
0.0
174.2
0.0
0.0
117.8
0.0
117.0
849.6
885.0
182.0
459.2
207.2
289.4
196.2
0.0
0.0
0.0
0.0
27.0
1528.0
950.2
232.2
0.0
117.6
0.0
0.0
0.0
0.0
0.0
0.0
660.0
1530.8
163.6
108.2
0.0
0.0
0.0
326.0
73.2
118.0
117.8
46.4
0.0
118.4
200.8
137.4
0.0
0.0
247.0
333.0
0.0
0.0
0.0
0.0
119.2
0.0
936.6
208.8
158.8
165.0
161.6
502.4
118.4
23.6
0.0
117.8
0.0
786.2
889.6
207.6
0.0
228.2
185.4
232.4
0.0
0.0
70.0
0.0
0.0
106.8
40.6
0.0
0.0
120.5
173.6
304.8
79.4
24.2
0.0
0.0
491.6
3473.2
260.2
262.6
311.0
1016.6
242.0
22.4
118.6
0.0
0.0
0.0
669.2
3501.2
976.2
215.4
209.8
238.6
297.4
0.0
0.0
118.6
0.0
0.0
656.2
0.0
999.4
201.0
443.8
163.2
168.6
256.2
0.0
0.0
0.0
0.0
0.0
0.0
166.6
105.0
0.0
245.2
165.0
51.0
0.0
0.0
170.8
46.6
0.0
872.2
733.0
46.2
901.0
197.2
263.8
313.6
70.6
0.0
0.0
0.0
0.0
3491.8
759.2
0.0
0.0
0.0
0.0
0.0
0.0
116.4
23.4
119.4
0.0
0.0
740.4
1424.4
0.0
69.0
207.4
0.0
0.0
117.6
0.0
0.0
0.0
221.2
913.2
0.0
114.6
0.0
0.0
93.4
69.4
0.0
0.0
117.2
0.0
71.8
742.0
237.6
0.0
118.2
99.8
77.4
46.6
0.0
0.0
0.0
116.2
0.0
293.6
904.75
763.2
246.4
0.0
0.0
118.0
0.0
117.2
0.0
0.0
0.0
0.0
729.4
740.2
755.6
0.0
287.6
47.0
0.0
0.0
0.0
161.6
858.4
205.2
926.0
834.0
866.0
219.2
281.6
0.0
0.0
0.0
0.0
0.0
22.8
0.0
718.2
1017.4
203.2
211.8
0.0
117.4
0.0
0.0
0.0
0.0
207.6
199.8
883.0
163.8
205.6
166.6
247.0
0.0
0.0
0.0
0.0
0.0
1477.4
961.8
741.4
1289.833333
173.2
296.2
0.0
0.0
24.4
0.0
0.0
119.4
1498.6
716.0
736.2
128.0
0.0
0.0
125.2
0.0