401.2
115.2
90.0
172.2
240.0
39.0
195.0
0.0
345.8
362.0
243.6
148.4
134.8
84.6
69.2
117.8
1663.0
71.6
91.2
67.2
255.8
207.4
387.0
110.6
168.8
46.2
137.4
126.2
133.0
25.4
0.0
0.0
0.0
0.0
0.0
0.0
0.0
0.0
0.0
0.0
0.0
179.6
193.8
0.0
0.0
0.0
0.0
0.0
0.0
0.0
0.0
0.0
0.0
0.0
0.0
198.8
450.6
219.6
473.4
121.6
22.8
188.4
152.6
0.0
0.0
0.0
1100.4
217.2
181.4
55.2
125.4
218.0
70.8
114.8
104.4
246.0
272.2
126.2
321.6
133.0
174.0
361.4
132.4
99.8
106.8
188.6
175.8
26.8
197.6
115.4
280.6
241.4
204.4
228.2
0.0
244.8
106.8
106.6
248.0
23.4
0.0
1720.2
116.0
162.8
0.0
260.6
82.4
240.6
897.8
135.0
248.0
0.0
162.0
72.4
863.4
156.0
71.6
224.4
287.0
178.2
0.0
172.0
136.2
177.0
289.0
0.0
0.0
0.0
0.0
0.0
0.0
108.8
114.6
0.0
103.4
206.8
233.6
0.0
0.0
168.2
141.2
176.2
0.0
0.0
0.0
0.0
0.0
0.0
0.0
63.2
203.0
120.2
129.4
287.0
0.0
0.0
0.0
0.0
0.0
0.0
241.0
0.0
188.4
260.0
212.4
285.6
214.2
308.0
170.0
39.4
113.8
0.0
240.0
242.2
0.0
124.6
52.6
177.2
176.8
165.4
156.2
255.4
127.4
143.2
28.0
92.0
0.0
0.0
172.6
182.8
179.2
130.8
168.0
108.0
66.6
294.4
178.0
238.4
828.6
0.0
207.4
266.2
0.0
1221.2
255.6
250.2
0.0
178.2
1044.0
140.6
0.0
0.0
28.6
300.2
244.8
977.2
114.8
248.0
22.4
126.4
278.6
45.0
142.8
200.4
259.4
195.4
158.8
21.8
194.2
126.8
145.8
115.4
186.8
0.0
0.0
0.0
0.0
0.0
0.0
0.0
0.0
0.0
0.0
0.0
0.0
0.0
0.0
0.0
0.0
0.0
0.0
0.0
0.0
0.0
0.0
0.0
0.0
0.0
0.0
0.0
0.0
0.0
0.0
0.0
0.0
0.0
0.0
0.0
0.0
0.0
0.0
267.6
251.0
254.8
192.2
187.0
187.6
157.2
74.2
107.0
193.6
144.6
232.8
201.2
216.0
202.6
1578.8
0.0
44.2
45.8
183.2
173.0
151.8
83.8
144.4
210.4
166.2
236.2
203.6
117.8
92.2
169.6
122.6
153.2
229.0
156.4
218.8
137.8
272.6
0.0
154.8
194.0
81.4
129.4
187.2
170.2
269.6
143.4
0.0
307.6
356.2
160.2
0.0
118.8
346.6
221.0
160.6
0.0
2238.8
179.0
186.0
54.4
32.8
349.6
269.4
179.4
140.0
123.8
184.2
160.0
213.0
0.0
141.8
199.8
134.2
229.4
187.8
194.0
0.0
0.0
23.0
166.0
187.4
306.8
214.6
343.8
235.6
0.0
0.0
0.0
0.0
0.0
0.0
0.0
0.0
0.0
78.6
256.8
118.0
187.6
110.8
171.0
154.8
50.2
111.2
178.6
112.0
47.2
0.0
0.0
0.0
0.0
0.0
0.0
0.0
0.0
0.0
0.0
0.0
0.0
203.0
145.8
256.4
137.4
222.8
67.4
219.8
126.2
281.8
169.2
196.0
176.6
0.0
126.4
0.0
172.6
208.6
442.8
213.0
194.6
200.8
49.0
0.0
0.0
0.0
0.0
0.0
0.0
267.2
122.0
179.6
198.4
221.2
25.0
95.4
426.2
1824.8
310.8
180.2
228.8
310.6
168.0
154.6
66.0
173.0
232.2
363.8
156.0
1802.6
324.0
141.8
142.6
0.0
28.0
267.4
97.2
58.6
163.8
330.2
0.0
1939.6
1572.0
228.6
209.8
153.2
0.0
0.0
0.0
0.0
0.0
0.0
53.2
141.8
172.4
198.0
172.4
195.4
205.4
197.0
46.6
20.6
127.2
171.6
216.2
233.2
50.0
179.6
179.0
194.0
222.6
0.0
121.6
173.4
256.2
175.0
389.2
123.8
51.0
135.2
1273.4
204.4
317.8
178.8
162.0
204.8
141.8
135.4
132.4
900.4
24.8
25.0
307.0
190.2
205.8
239.0
279.2
121.0
101.2
311.8
123.0
24.6
30.0
166.2
224.0
0.0
0.0
0.0
0.0
0.0
0.0
0.0
196.4
201.8
129.2
122.8
117.0
200.0
164.8
240.4
214.4
119.0
163.2
1575.2
153.4
158.2
329.8
0.0
220.0
102.2
0.0
1270.0
115.8
138.2
144.2
181.6
126.2
173.6
204.2
235.8
523.2
115.0
156.6
118.6
143.4
129.8
42.0
122.2
137.2
211.0
347.8
266.4
158.8
275.4
225.6
23.0
0.0
77.0
184.4
145.4
107.0
208.0
298.0
128.2
683.2
52.8
196.2
125.8
106.4
49.8
223.8
220.6
24.0
740.0
348.8
194.4
180.0
184.2
119.0
107.0
144.0
0.0
0.0
199.4
234.0
184.2
381.6
0.0
146.2
0.0
0.0
133.6
271.4
257.4
208.0
262.6
165.6
189.0
171.6
23.2
60.4
143.8
51.4
188.0
186.0
83.2
0.0
96.2
105.0
0.0
157.4
0.0
228.6
478.2
54.8
113.6
106.2
0.0
93.4
234.2
154.0
169.2
277.6
0.0
0.0
0.0
0.0
0.0
0.0
0.0
0.0
0.0
91.8
0.0
0.0
135.4
1037.4
502.6
115.4
146.8
136.6
179.0
103.0
202.8
186.0
122.8
177.6
25.8
59.0
152.6
172.8
286.8
202.6
166.8
0.0
185.2
268.6
201.2
297.8
51.0
0.0
220.4
127.8
248.6
213.6
232.0
0.0
235.4
169.4
0.0
302.2
282.4
162.2
201.4
177.2
0.0
26.0
0.0
201.2
188.0
328.8
211.6
193.6
177.2
0.0
208.4
185.6
0.0
0.0
24.6
61.8
112.4
200.8
1742.8
0.0
227.8
219.2
336.8
204.6
201.6
254.6
261.6
329.6
963.6
215.4
1347.6
147.4
203.4
123.6
115.6
281.8
172.0
165.4
162.4
0.0
109.2
170.0
219.2
134.2
179.8
164.6
143.4
24.8
112.4
0.0
0.0
103.2
363.4
174.8
263.0
148.2
208.8
0.0
0.0
0.0
0.0
0.0
0.0
0.0
201.8
199.6
347.8
269.0
240.6
145.4
142.2
158.0
241.4
51.0
155.0
132.2
106.2
122.4
202.4
160.0
126.6
250.6
226.8
335.0
125.4
196.2
161.2
51.4
24.8
222.6
393.0
0.0
123.8
102.6
27.8
26.2
210.4
189.6
340.4
139.2
67.8
197.8
588.8
181.8
0.0
0.0
0.0
0.0
0.0
0.0
0.0
0.0
0.0
0.0
0.0
0.0
0.0
0.0
0.0
0.0
0.0
0.0
0.0
0.0
0.0
0.0
0.0
0.0
0.0
0.0
0.0
98.2
228.4
388.8
254.0
195.0
305.8
545.0
0.0
208.2
132.6
253.4
0.0
93.4
196.3333333
204.2
241.2
240.0
287.4
880.2
131.0
270.2
223.8
199.4
163.6
195.4
236.4
292.2
271.4
186.0
252.0
1150.4
0.0
0.0
0.0
330.4
1600.4
149.0
197.2
174.6
0.0
167.6
256.6
1021.2
2557.4
775.0
314.0
155.6
228.2
583.6
192.4
318.8
303.6
358.0
363.0
267.2
190.6
153.0
51.0
113.0
189.6
190.2
170.4
76.4
174.8
216.0
159.2
0.0
751.8
662.0
820.8
109.2
124.4
276.4
210.8
227.2
284.2
266.6
307.3333333
815.6
917.0
0.0
847.6
295.0
68.2
307.8
330.4
236.4
160.8
344.2
166.0
862.8
721.0
648.8
732.2
118.8
345.8
0.0
251.0
115.8
303.2
302.4
206.0
985.2
797.8
673.4
795.4
127.4
204.6
157.2
125.6
197.0
237.0
379.0
209.0
759.4
1049.4
858.0
787.2
192.6
509.6
201.8
146.2
176.6
137.4
200.6
1988.0
1054.0
927.6
803.0
823.8
186.0
1218.6
129.2
0.0
130.4
252.8
295.6
220.6
0.0
844.2
869.6
177.0
196.8
124.4
122.4
116.6
184.4
314.0
284.8
232.0
307.4
266.2
280.4
273.6
289.6
207.0
319.0
308.0
204.6
385.2
237.2
326.4
143.4
803.2
913.0
737.0
322.0
224.8
133.6
0.0
132.6
0.0
273.6
189.8
858.0
792.6
853.8
821.4
324.8
192.4
182.2
75.8
350.6
227.0
287.6
177.8
808.0
1208.2
935.8
797.6
106.4
146.8
350.6
158.0
154.2
0.0
278.4
0.0
260.4
491.8
197.6
1003.0
190.6
195.8
0.0
93.8
348.4
157.4
119.8
0.0
1019.8
793.6
218.4
1073.0
214.6
270.8
24.0
110.8
124.8
265.8
0.0
1021.6
320.2
874.0
826.6
793.0
25.2
137.0
305.4
238.4
100.4
188.8
94.0
0.0
1121.6
1031.6
842.4
878.6
666.8
289.8
260.0
199.2
0.0
245.6
130.2
173.0
918.8
1149.2
930.8
23.2
127.0
177.4
76.6
264.4
354.4
239.4
144.8
25.2
876.2
914.2
960.6
936.0
0.0
201.4
0.0
306.4
167.4
265.6
410.8
377.0
881.8
870.8
0.0
199.8
0.0
253.2
247.4
226.6
199.6
309.4
181.8
620.4
525.4
738.0
335.2
74.0
0.0
142.2
113.8
441.0
153.6
177.0
131.4
202.8
317.8
900.6
874.4
283.4
173.8
148.6
179.4
0.0
262.6
213.4
232.2
1426.0
247.4
208.4
882.8
193.0
121.4
220.4
141.4
0.0
256.6
270.2
233.4
299.6
2949.6
1007.6
985.2
332.4
257.0
261.0
336.0
130.2
158.4
192.4
141.4
188.8
827.8
901.0
957.2
131.8
75.4
257.4
131.0
134.6
288.2
1745.8
199.0
245.2
843.6
894.6
962.8
145.2
115.6
199.0
133.4
175.8
165.0
132.8
191.8
250.0
802.0
894.8
964.8
921.2
167.6
0.0
0.0
0.0
0.0
0.0
0.0
237.8
877.6
962.2
129.6
184.2
52.2
25.6
102.4
253.0
28.0
221.4
201.4
243.6
906.0
24.4
130.8
504.0
238.8
299.4
0.0
0.0
0.0
0.0
0.0
0.0
0.0
0.0
0.0
0.0
104.4
225.8
241.2
85.6
113.0
184.4
173.6
338.6
797.8
789.4
888.6
912.8
25.2
271.0
248.0
263.0
187.2
219.2
89.6
145.4
718.4
708.0
962.8
895.8
209.4
160.4
127.8
128.6
207.2
124.6
1163.2
256.6
993.6
886.8
948.6
0.0
267.4
229.6
159.2
0.0
225.2
115.6
148.8
143.0
952.0
0.0
150.0
100.0
0.0
193.8
0.0
189.4
0.0
285.8
482.0
220.0
920.4
0.0
127.8
189.2
157.4
230.6
197.4
275.4
357.2
166.8
245.2
1466.6
891.8
153.0
845.6
1539.6
0.0
230.0
135.6
174.2
279.2
379.0
299.0
276.8
879.6
41.4
873.8
54.4
260.8
262.6
159.8
354.0
179.0
326.6
389.8
669.4
224.4
198.4
144.6
157.4
128.6
139.2
130.0
240.4
161.8
299.0
161.4
230.0
944.8
0.0
119.0
80.8
69.0
184.2
64.8
127.0
385.6
164.4
266.6
20.4
852.4
110.8
79.0
209.6
148.0
185.2
186.6
117.8
190.2
162.0
1357.2
233.8
936.0
172.0
1098.4
894.4
80.8
168.4
229.4
367.4
235.0
293.6
192.6
403.0
864.4
0.0
79.0
270.0
129.2
278.4
259.2
207.4
351.0
351.2
235.8
136.2
863.8
42.2
118.2
133.4
96.4
172.4
94.6
124.4
191.2
232.2
365.6
49.4
865.6
123.2
52.0
138.0
199.0
49.6
186.2
135.4
66.8
128.8
171.0
0.0
862.2
0.0
108.8
224.2
205.8
308.8
164.4
286.2
0.0
127.4
0.0
166.8
867.0
130.4
921.8
985.6
124.8
0.0
175.4
51.4
223.0
217.6
172.8
451.2
992.8
149.4
796.6
446.6
119.8
0.0
174.0
246.2
235.4
338.4
232.6
1084.4
915.6
0.0
0.0
0.0
0.0
0.0
0.0
0.0
0.0
0.0
0.0
123.6
828.0
193.4
273.8
1587.0
197.6
275.6
0.0
116.6
260.0
224.4
174.4
214.2
190.2
222.6
217.4
209.0
286.2
25.2
295.4
261.0
233.0
319.8
317.0
44.8
839.6
112.6
227.2
211.2
86.8
131.6
0.0
126.0
199.4
178.4
1507.4
50.2
317.0
0.0
872.0
1686.2
287.0
267.2
147.2
161.0
125.6
226.2
212.8
127.4
880.0
203.8
896.6
982.6
137.6
223.6
94.4
120.4
200.4
0.0
72.4
262.6
213.8
234.4
0.0
0.0
137.4
75.0
146.6
47.2
193.8
208.0
125.4
1254.8
880.0
186.8
2186.0
188.4
132.8
198.6
0.0
160.8
142.6
293.8
128.4
0.0
2102.0
204.0
128.2
167.6
159.0
0.0
0.0
142.2
176.8
251.4
76.2
158.4
959.0
502.6
67.6
162.8
195.8
209.6
145.2
128.6
75.2
170.4
1196.8
157.6
123.6
27.0
195.2
75.4
126.8
171.2
128.0
104.0
99.4
126.6
164.0
1351.6
891.8
0.0
220.2
195.6
176.0
125.8
78.2
263.8
124.6
0.0
125.6
1308.2
84.0
110.0
53.8
196.6
47.4
98.8
27.4
70.8
133.0
132.0
437.4
182.0
606.8
244.8
113.0
54.6
169.2
114.0
150.0
155.0
121.2
288.0
128.4
0.0
895.0
105.2
0.0
0.0
176.6
140.8
118.6
147.6
219.8
23.8
24.8
125.6
948.0
214.4
0.0
172.4
202.4
0.0
0.0
24.6
126.2
200.8
28.2
175.4
171.8
199.2
184.8
354.5
174.2
129.4
164.6
257.2
178.4
260.6
275.2
1358.8
178.6
23.0
157.6
0.0
59.4
236.8
224.2
129.2
77.0
101.2
129.6
1403.4
798.0
28.6
213.6
0.0
199.4
0.0
221.2
201.2
179.2
224.4
179.8
0.0
1113.6
171.8
419.6
972.4
82.4
26.0
128.6
180.4
210.6
158.0
129.2
99.2
502.6
292.4
26.0
512.8
78.2
125.2
99.6
0.0
193.8
257.6
182.2
188.4
794.6
194.6
1064.4
199.0
127.2
109.2
123.8
75.4
254.2
384.0
161.8
2884.8
789.6
61.6
319.4
120.8
194.8
51.0
128.8
154.8
347.8
295.6
127.4
65.0
983.0
1149.2
177.4
0.0
126.6
129.4
77.2
140.0
198.8
145.6
144.8
197.8
873.2
80.4
165.8
141.8
207.2
118.0
126.8
51.4
219.8
0.0
129.6
0.0
1012.2
78.2
22.6
144.4
104.6
120.0
129.8
0.0
230.6
223.2
212.8
132.0
267.8
960.5
838.8
168.6
146.8
234.2
0.0
186.6
132.0
146.6
131.8
187.0
126.2
870.2
916.4
918.4
233.6
57.6
145.2
79.4
130.4
190.0
475.8
286.8
112.2
881.0
930.6
949.8
60.4
0.0
125.6
151.0
282.8
134.4
587.0
25.0
184.2
765.4
1088.6
128.4
227.8
60.0
184.8
239.6
165.4
219.8
210.4
0.0
0.0
893.8
1853.8
236.6
216.2
217.2
130.0
26.2
74.8
120.8
168.2
1337.6
144.0
801.8
976.3333333
227.8
191.0
27.6
183.0
120.2
101.0
217.4
263.8
1336.6
217.4
947.0
0.0
274.2
56.6
274.0
199.8