0.0
0.0
0.0
0.0
0.0
251.4
392.2
313.8
95.0
60.0
0.0
0.0
0.0
0.0
0.0
0.0
0.0
104.0
166.0
132.0
106.0
55.0
0.0
0.0
0.0
0.0
0.0
0.0
0.0
145.6
0.0
0.0
0.0
0.0
0.0
0.0
0.0
0.0
0.0
0.0
0.0
146.0
296.6
0.0
0.0
0.0
0.0
0.0
0.0
0.0
0.0
0.0
0.0
0.0
0.0
276.0
124.0
65.0
0.0
0.0
0.0
0.0
0.0
0.0
0.0
554.8
654.8
468.2
140.0
64.0
0.0
0.0
0.0
0.0
0.0
0.0
0.0
139.2
729.8
438.8
116.0
60.0
0.0
0.0
0.0
0.0
0.0
0.0
0.0
122.0
294.4
118.0
72.4
61.0
0.0
0.0
0.0
0.0
0.0
0.0
0.0
116.0
169.4
227.2
93.0
60.0
0.0
0.0
0.0
0.0
0.0
0.0
0.0
185.0
386.8
162.0
74.8
59.0
0.0
0.0
0.0
0.0
0.0
0.0
0.0
0.0
0.0
0.0
0.0
0.0
0.0
0.0
0.0
0.0
0.0
0.0
0.0
0.0
0.0
257.4
90.0
60.0
0.0
0.0
0.0
0.0
0.0
0.0
0.0
350.6
844.4
244.8
140.0
62.0
0.0
0.0
0.0
0.0
0.0
0.0
0.0
0.0
491.2
339.0
154.0
0.0
0.0
0.0
0.0
0.0
0.0
0.0
0.0
128.0
1107.6
304.0
102.0
0.0
0.0
0.0
0.0
0.0
0.0
0.0
0.0
156.0
0.0
260.0
34.0
0.0
0.0
0.0
0.0
0.0
0.0
0.0
0.0
549.2
514.0
576.0
92.0
9.0
0.0
0.0
0.0
0.0
0.0
0.0
0.0
796.4
0.0
0.0
84.0
10.0
0.0
0.0
0.0
0.0
0.0
0.0
0.0
62.0
270.6
353.6
83.0
0.0
0.0
0.0
0.0
0.0
0.0
0.0
0.0
0.0
0.0
0.0
0.0
0.0
0.0
0.0
0.0
0.0
0.0
0.0
0.0
0.0
0.0
0.0
0.0
0.0
0.0
0.0
0.0
0.0
0.0
0.0
0.0
0.0
0.0
0.0
0.0
0.0
0.0
0.0
0.0
0.0
0.0
0.0
0.0
0.0
0.0
363.6
122.0
0.0
0.0
0.0
0.0
0.0
0.0
0.0
0.0
178.0
336.0
159.2
140.0
0.0
0.0
0.0
0.0
0.0
0.0
0.0
0.0
87.0
253.2
352.6
148.0
0.0
0.0
0.0
0.0
0.0
0.0
0.0
0.0
159.2
228.8
248.0
52.0
0.0
0.0
0.0
0.0
0.0
0.0
0.0
0.0
135.0
0.0
423.6
138.8
0.0
0.0
0.0
0.0
0.0
0.0
0.0
0.0
136.0
198.0
112.0
104.0
0.0
0.0
0.0
0.0
0.0
0.0
0.0
0.0
74.0
231.8
330.2
72.0
0.0
0.0
0.0
0.0
0.0
0.0
0.0
0.0
437.4
262.4
350.0
205.6
0.0
0.0
0.0
0.0
0.0
0.0
0.0
0.0
0.0
15.0
37.0
0.0
0.0
0.0
0.0
0.0
0.0
0.0
0.0
0.0
38.0
0.0
0.0
0.0
0.0
0.0
0.0
0.0
0.0
0.0
0.0
0.0
130.0
380.4
627.4
141.0
0.0
0.0
0.0
0.0
0.0
0.0
0.0
0.0
372.0
489.6
644.4
84.0
10.0
0.0
0.0
0.0
0.0
0.0
0.0
0.0
0.0
0.0
0.0
0.0
0.0
0.0
0.0
0.0
0.0
0.0
0.0
0.0
1430.8
255.6
472.8
314.0
9.0
0.0
0.0
0.0
0.0
0.0
0.0
0.0
241.6
621.2
425.8
302.8
10.0
0.0
0.0
0.0
0.0
0.0
0.0
0.0
0.0
1431.2
453.6
191.6
10.0
0.0
0.0
0.0
0.0
0.0
0.0
0.0
299.2
517.4
552.4
179.4
10.0
0.0
0.0
0.0
0.0
0.0
0.0
0.0
178.0
284.0
352.6
243.6
0.0
0.0
0.0
0.0
0.0
0.0
0.0
0.0
217.6
357.6
254.0
88.0
0.0
0.0
0.0
0.0
0.0
0.0
0.0
0.0
252.4
687.6
633.4
205.6
10.0
0.0
0.0
0.0
0.0
0.0
0.0
0.0
194.0
474.8
376.0
164.6
0.0
0.0
0.0
0.0
0.0
0.0
0.0
0.0
695.2
1512.0
358.4
161.6
10.0
0.0
0.0
0.0
0.0
0.0
0.0
142.2
1934.4
1371.0
430.8
180.0
10.0
0.0
0.0
0.0
0.0
0.0
0.0
115.8
481.2
1548.4
430.8
320.0
10.0
0.0
0.0
0.0
0.0
0.0
0.0
0.0
469.2
907.2
490.6
224.0
10.0
0.0
0.0
0.0
0.0
0.0
0.0
0.0
140.0
266.0
249.2
198.0
3.0
0.0
0.0
0.0
0.0
0.0
0.0
0.0
341.6
498.8
326.0
187.2
10.0
0.0
0.0
0.0
0.0
0.0
0.0
0.0
286.0
646.8
507.2
0.0
10.0
0.0
0.0
0.0
0.0
0.0
0.0
0.0
1196.8
1293.2
513.4
242.8
10.0
0.0
0.0
0.0
0.0
0.0
0.0
85.0
201.2
349.6
499.6
0.0
11.0
0.0
0.0
0.0
0.0
0.0
0.0
0.0
1406.4
1502.4
606.0
0.0
0.0
0.0
0.0
0.0
0.0
0.0
0.0
0.0
112.0
223.0
350.6
388.6
10.0
0.0
0.0
0.0
0.0
0.0
0.0
138.0
1639.2
378.2
853.0
478.8
22.0
0.0
0.0
0.0
0.0
0.0
0.0
0.0
953.6
2202.0
603.0
306.0
20.0
0.0
0.0
0.0
0.0
0.0
0.0
0.0
640.6
1386.4
845.2
386.0
12.0
0.0
0.0
0.0
0.0
0.0
0.0
67.0
488.6
1104.8
298.8
143.8
11.0
0.0
0.0
0.0
0.0
0.0
0.0
85.2
1061.4
2189.2
0.0
462.6
36.0
0.0
0.0
0.0
0.0
0.0
0.0
0.0
129.0
155.0
605.6
335.2
10.0
0.0
0.0
0.0
0.0
0.0
0.0
360.0
2543.6
1071.2
474.6
463.6
20.0
0.0
0.0
0.0
0.0
0.0
0.0
0.0
962.8
2220.6
935.4
628.8
19.0
0.0
0.0
0.0
0.0
0.0
0.0
1546.6
2400.8
989.8
566.0
715.0
28.0
0.0
0.0
0.0
0.0
0.0
0.0
331.6
1396.0
998.2
760.4
426.4
25.0
0.0
0.0
0.0
0.0
0.0
0.0
1273.2
792.8
292.0
0.0
309.0
20.0
0.0
0.0
0.0
0.0
0.0
0.0
952.4
1842.0
1535.8
1154.4
0.0
0.0
0.0
0.0
0.0
0.0
0.0
0.0
0.0
0.0
0.0
0.0
0.0
0.0
0.0
0.0
0.0
0.0
0.0
0.0
0.0
0.0
0.0
0.0
0.0
0.0
0.0
0.0
0.0
0.0
0.0
0.0
218.8
509.8
0.0
191.6
228.0
11.0
0.0
0.0
0.0
0.0
0.0
0.0
871.2
982.0
2309.0
800.6
238.2
71.6
0.0
0.0
0.0
0.0
0.0
0.0
1386.6
2697.2
0.0
0.0
0.0
74.0
0.0
0.0
0.0
0.0
0.0
0.0
148.0
610.0
1618.4
956.0
514.4
69.0
0.0
0.0
0.0
0.0
0.0
0.0
108.4
574.8
475.6
388.0
274.8
91.6
0.0
0.0
0.0
0.0
0.0
0.0
92.0
0.0
817.0
553.8
102.0
39.0
0.0
0.0
0.0
0.0
0.0
0.0
1249.666667
2204.4
1349.0
0.0
491.8
67.0
0.0
0.0
0.0
0.0
0.0
0.0
1010.0
2628.8
2053.8
963.2
311.6
100.0
0.0
0.0
0.0
0.0
0.0
0.0
1137.8
2610.2
2142.6
936.8
298.0
72.0
0.0
0.0
0.0
0.0
0.0
0.0
1446.0
2492.4
2212.4
964.0
334.0
94.0
0.0
0.0
0.0
0.0
0.0
0.0
541.4
2150.4
2302.2
985.4
303.0
107.0
0.0
0.0
0.0
0.0
0.0
0.0
232.0
0.0
593.4
455.0
360.4
106.2
0.0
0.0
0.0
0.0
0.0
0.0
82.0
303.6
915.2
517.2
442.2
49.0
0.0
0.0
0.0
0.0
0.0
0.0
1565.6
2811.8
2412.4
1046.8
663.6
105.6
0.0
0.0
0.0
0.0
0.0
0.0
211.6
724.4
2083.6
1014.0
322.0
102.0
0.0
0.0
0.0
0.0
0.0
0.0
1896.6
2698.8
2423.6
1176.2
575.6
142.2
0.0
0.0
0.0
0.0
0.0
0.0
137.0
563.6
343.0
702.4
567.2
120.2
0.0
0.0
0.0
0.0
0.0
0.0
784.4
775.0
707.8
533.0
606.0
30.0
0.0
0.0
0.0
0.0
0.0
0.0
999.8
3142.4
2885.4
956.0
461.8
70.4
0.0
0.0
0.0
0.0
0.0
0.0
106.4
566.8
468.2
606.0
381.6
0.0
0.0
0.0
0.0
0.0
0.0
0.0
1965.2
3410.8
2760.2
992.8
651.4
162.0
0.0
0.0
0.0
0.0
0.0
0.0
245.8
3413.2
2681.6
1351.6
331.2
223.2
0.0
0.0
0.0
0.0
0.0
0.0
563.2
511.2
2576.0
0.0
489.6
118.8
0.0
0.0
0.0
0.0
0.0
0.0
185.8
837.6
1248.8
250.8
546.8
100.4
0.0
0.0
0.0
0.0
0.0
0.0
1139.6
988.0
934.2
911.8
351.6
118.4
0.0
0.0
0.0
0.0
0.0
0.0
383.6
2615.2
2097.4
1057.0
310.8
311.6
0.0
0.0
0.0
0.0
0.0
0.0
2842.8
846.8
1857.2
1781.0
521.6
172.4
0.0
0.0
0.0
0.0
0.0
0.0
631.8
3036.2
993.8
1546.6
453.0
157.2
0.0
0.0
0.0
0.0
0.0
72.0
1796.0
3255.4
2604.8
1482.8
487.6
152.8
0.0
0.0
0.0
0.0
0.0
0.0
249.0
513.0
2746.6
1374.4
288.0
155.2
0.0
0.0
0.0
0.0
0.0
0.0
2004.6
3194.4
2513.2
1423.0
359.2
183.4
0.0
0.0
0.0
0.0
0.0
123.0
2556.8
3106.8
2655.2
1386.8
299.4
170.0
0.0
0.0
0.0
0.0
0.0
0.0
0.0
0.0
0.0
0.0
0.0
223.4
0.0
0.0
0.0
0.0
0.0
202.0
2233.2
2931.4
2580.6
1482.4
529.0
233.8
0.0
0.0
0.0
0.0
0.0
0.0
461.6
1992.0
2122.0
1539.8
924.2
236.4
0.0
0.0
0.0
0.0
0.0
238.4
2770.4
1442.0
2668.6
1534.8
892.0
285.0
0.0
0.0
0.0
0.0
0.0
348.0
2920.2
3191.6
2677.6
1364.8
254.0
187.2
0.0
0.0
0.0
0.0
0.0
196.6
2695.8
3128.4
2589.0
1508.2
546.0
193.0
0.0
0.0
0.0
0.0
0.0
341.6
3177.4
3664.0
2611.4
1054.6
456.0
328.6
0.0
0.0
0.0
0.0
0.0
567.2
3062.6
3105.6
3464.4
2028.8
388.0
178.4
0.0
0.0
0.0
0.0
0.0
774.6
3137.2
3339.8
2853.2
1489.4
261.4
186.0
0.0
0.0
0.0
0.0
0.0
891.8
3066.0
3403.8
2817.0
1510.2
276.4
210.4
0.0
0.0
0.0
0.0
0.0
1220.6
3147.0
3352.0
2701.2
1519.6
256.0
182.0
0.0
0.0
0.0
0.0
0.0
98.0
899.6
2214.8
731.0
2088.0
895.8
179.6
0.0
0.0
0.0
0.0
0.0
298.4
3036.8
3320.8
2808.6
1546.8
305.2
192.0
0.0
0.0
0.0
0.0
0.0
1003.8
3018.4
3387.6
2830.0
1555.0
267.0
215.8
0.0
0.0
0.0
0.0
0.0
184.0
1177.4
1402.2
726.4
1560.8
183.0
150.8
0.0
0.0
0.0
0.0
0.0
100.8
592.6
2787.6
2331.6
1666.8
625.8
208.4
0.0
0.0
0.0
0.0
0.0
196.4
593.0
417.8
511.4
364.2
282.4
232.0
0.0
0.0
0.0
0.0
0.0
0.0
685.2
2535.0
3102.0
1934.2
468.4
284.2
0.0
0.0
0.0
0.0
0.0
1196.8
3323.4
3104.4
0.0
0.0
0.0
0.0
0.0
0.0
0.0
0.0
0.0
0.0
3302.8
2126.6
464.0
1142.0
182.8
122.4
0.0
0.0
0.0
0.0
0.0
158.8
1019.6
2067.2
2474.8
1144.8
852.0
300.4
0.0
0.0
0.0
0.0
0.0
1535.4
3244.0
3491.8
3114.0
1543.6
808.6
336.0
0.0
0.0
0.0
0.0
0.0
106.0
791.8
1366.2
840.8
337.0
523.6
68.8
0.0
0.0
0.0
0.0
0.0
1109.6
2108.0
2434.8
3222.2
1922.4
944.6
375.2
0.0
0.0
0.0
0.0
0.0
551.6
522.6
1136.4
1263.4
1394.4
495.2
276.8
0.0
0.0
0.0
0.0
0.0
579.2
935.6
1508.0
2919.0
2111.6
767.8
197.6
0.0
0.0
0.0
0.0
0.0
1700.2
578.6
3756.4
1597.4
1067.2
708.0
326.4
0.0
0.0
0.0
0.0
0.0
309.2
1755.0
3717.4
2477.4
1457.2
917.0
299.6
0.0
0.0
0.0
0.0
0.0
308.8
971.0
1396.8
1751.0
549.4
511.6
373.2
0.0
0.0
0.0
0.0
0.0
762.2
2193.4
3190.2
3464.4
2003.2
363.0
238.4
0.0
0.0
0.0
0.0
0.0
1106.4
2664.2
2890.0
2604.0
1737.6
511.4
259.0
0.0
0.0
0.0
0.0
0.0
665.2
2313.6
2402.8
2666.4
1827.0
357.2
187.6
0.0
0.0
0.0
0.0
0.0
2035.4
3383.8
3517.4
3066.4
1816.8
506.2
336.0
0.0
0.0
0.0
0.0
0.0
1730.0
664.6
3734.8
3077.0
1870.0
603.8
473.2
0.0
0.0
0.0
0.0
0.0
946.0
3638.4
3648.0
3109.4
1864.8
399.0
211.6
0.0
0.0
0.0
0.0
0.0
1279.4
3109.2
1934.0
1904.0
932.8
160.4
338.6
0.0
0.0
0.0
0.0
0.0
1978.6
3403.0
3728.0
1952.8
1350.0
840.0
522.0
0.0
0.0
0.0
0.0
0.0
355.4
1810.6
3420.4
3089.4
1855.2
448.6
260.0
0.0
0.0
0.0
0.0
0.0
175.6
864.0
3710.4
3491.0
2186.6
922.8
455.4
0.0
0.0
0.0
0.0
0.0
291.0
1408.8
1249.8
3337.4
1309.2
671.0
326.0
0.0
0.0
0.0
0.0
0.0
1649.4
3369.2
3163.6
3688.8
1365.8
1034.0
419.4
0.0
0.0
0.0
0.0
0.0
556.0
3140.4
3511.8
1558.4
1151.2
942.0
410.2
0.0
0.0
0.0
0.0
0.0
260.2
833.2
1910.0
1319.6
1455.4
680.0
283.2
0.0
0.0
0.0
0.0
0.0
226.0
895.4
1308.8
1493.6
1406.8
913.4
329.0
0.0
0.0
0.0
0.0
0.0
220.0
381.2
774.0
1615.0
869.2
486.2
405.2
0.0
0.0
0.0
0.0
0.0
76.0
519.0
341.6
1862.6
928.0
934.8
285.6
0.0
0.0
0.0
0.0
0.0
246.4
832.4
2557.4
668.8
768.0
923.8
367.0
0.0
0.0
0.0
0.0
0.0
376.0
2239.4
1734.2
2357.6
1514.8
232.0
611.6
0.0
0.0
0.0
0.0
0.0
436.8
2689.8
2380.0
603.0
2031.4
621.4
309.6
82.0
0.0
0.0
0.0
0.0
423.4
1567.6
2658.8
3346.4
2228.5
1210.8
396.8
0.0
0.0
0.0
0.0
0.0
1279.2
2690.4
2385.2
2202.2
1724.4
883.6
540.2
0.0
0.0