0.0
0.0
0.0
0.0
0.0
189.4
325.2
251.0
40.0
4.0
0.0
0.0
0.0
0.0
0.0
0.0
0.0
49.0
114.4
80.0
55.0
4.0
0.0
0.0
0.0
0.0
0.0
0.0
0.0
92.0
0.0
0.0
0.0
0.0
0.0
0.0
0.0
0.0
0.0
0.0
0.0
92.0
234.8
0.0
0.0
0.0
0.0
0.0
0.0
0.0
0.0
0.0
0.0
0.0
0.0
212.0
62.0
10.0
0.0
0.0
0.0
0.0
0.0
0.0
0.0
490.0
580.6
402.0
78.0
6.0
0.0
0.0
0.0
0.0
0.0
0.0
0.0
81.2
746.4
409.8
61.0
8.0
0.0
0.0
0.0
0.0
0.0
0.0
0.0
66.0
230.4
60.0
20.0
3.0
0.0
0.0
0.0
0.0
0.0
0.0
0.0
60.0
110.8
176.2
38.0
3.0
0.0
0.0
0.0
0.0
0.0
0.0
0.0
129.8
319.8
98.0
20.0
1.0
0.0
0.0
0.0
0.0
0.0
0.0
0.0
0.0
0.0
0.0
0.0
0.0
0.0
0.0
0.0
0.0
0.0
0.0
0.0
0.0
0.0
195.2
33.0
1.0
0.0
0.0
0.0
0.0
0.0
0.0
0.0
295.8
769.4
171.2
74.4
3.0
0.0
0.0
0.0
0.0
0.0
0.0
0.0
0.0
419.2
272.4
126.0
0.0
0.0
0.0
0.0
0.0
0.0
0.0
0.0
114.2
1084.4
280.8
82.0
0.0
0.0
0.0
0.0
0.0
0.0
0.0
0.0
142.0
0.0
241.0
20.0
0.0
0.0
0.0
0.0
0.0
0.0
0.0
0.0
521.4
493.2
546.0
72.0
0.0
0.0
0.0
0.0
0.0
0.0
0.0
0.0
754.8
0.0
0.0
62.0
0.0
0.0
0.0
0.0
0.0
0.0
0.0
0.0
51.0
250.8
330.0
68.0
0.0
0.0
0.0
0.0
0.0
0.0
0.0
0.0
0.0
0.0
0.0
0.0
0.0
0.0
0.0
0.0
0.0
0.0
0.0
0.0
0.0
0.0
0.0
0.0
0.0
0.0
0.0
0.0
0.0
0.0
0.0
0.0
0.0
0.0
0.0
0.0
0.0
0.0
0.0
0.0
0.0
0.0
0.0
0.0
0.0
0.0
342.0
100.0
0.0
0.0
0.0
0.0
0.0
0.0
0.0
0.0
157.0
304.8
140.0
123.6
0.0
0.0
0.0
0.0
0.0
0.0
0.0
0.0
96.0
251.2
332.4
130.0
0.0
0.0
0.0
0.0
0.0
0.0
0.0
0.0
149.2
209.6
229.0
40.0
0.0
0.0
0.0
0.0
0.0
0.0
0.0
0.0
124.0
0.0
399.2
118.2
0.0
0.0
0.0
0.0
0.0
0.0
0.0
0.0
125.0
180.0
99.2
90.0
0.0
0.0
0.0
0.0
0.0
0.0
0.0
0.0
60.0
209.2
306.4
58.0
0.0
0.0
0.0
0.0
0.0
0.0
0.0
0.0
411.8
204.6
320.2
184.8
0.0
0.0
0.0
0.0
0.0
0.0
0.0
0.0
0.0
0.0
18.0
0.0
0.0
0.0
0.0
0.0
0.0
0.0
0.0
0.0
17.0
0.0
0.0
0.0
0.0
0.0
0.0
0.0
0.0
0.0
0.0
0.0
88.0
256.8
421.2
92.0
0.0
0.0
0.0
0.0
0.0
0.0
0.0
0.0
269.0
404.2
573.0
61.0
0.0
0.0
0.0
0.0
0.0
0.0
0.0
0.0
0.0
0.0
0.0
0.0
0.0
0.0
0.0
0.0
0.0
0.0
0.0
0.0
1370.4
232.8
443.0
290.4
0.0
0.0
0.0
0.0
0.0
0.0
0.0
0.0
224.6
593.6
402.4
283.2
0.0
0.0
0.0
0.0
0.0
0.0
0.0
0.0
0.0
1383.2
434.8
172.4
0.0
0.0
0.0
0.0
0.0
0.0
0.0
0.0
268.4
491.0
531.6
163.0
0.0
0.0
0.0
0.0
0.0
0.0
0.0
0.0
164.0
259.2
327.0
227.6
0.0
0.0
0.0
0.0
0.0
0.0
0.0
0.0
201.6
333.4
233.4
72.0
0.0
0.0
0.0
0.0
0.0
0.0
0.0
0.0
232.0
659.6
607.8
188.0
0.0
0.0
0.0
0.0
0.0
0.0
0.0
0.0
177.0
452.4
356.0
147.0
0.0
0.0
0.0
0.0
0.0
0.0
0.0
0.0
664.2
1463.0
341.2
146.4
0.0
0.0
0.0
0.0
0.0
0.0
0.0
134.6
1887.2
1300.0
412.8
160.4
0.0
0.0
0.0
0.0
0.0
0.0
0.0
108.6
456.2
1515.6
414.8
298.4
0.0
0.0
0.0
0.0
0.0
0.0
0.0
0.0
443.2
870.4
472.0
207.0
0.0
0.0
0.0
0.0
0.0
0.0
0.0
0.0
124.0
243.0
229.2
180.0
0.0
0.0
0.0
0.0
0.0
0.0
0.0
0.0
316.4
472.4
301.0
170.4
0.0
0.0
0.0
0.0
0.0
0.0
0.0
0.0
263.0
621.8
486.4
0.0
0.0
0.0
0.0
0.0
0.0
0.0
0.0
0.0
1131.4
1255.2
486.4
222.0
0.0
0.0
0.0
0.0
0.0
0.0
0.0
79.0
182.8
329.2
474.0
0.0
0.0
0.0
0.0
0.0
0.0
0.0
0.0
0.0
1342.2
1430.2
579.4
0.0
0.0
0.0
0.0
0.0
0.0
0.0
0.0
0.0
86.0
216.0
374.6
368.2
0.0
0.0
0.0
0.0
0.0
0.0
0.0
131.0
1566.0
354.6
824.0
454.8
9.0
0.0
0.0
0.0
0.0
0.0
0.0
0.0
918.2
2152.8
584.8
289.6
6.0
0.0
0.0
0.0
0.0
0.0
0.0
0.0
611.4
1331.2
818.4
365.2
0.0
0.0
0.0
0.0
0.0
0.0
0.0
0.0
463.0
1070.8
277.6
122.8
0.0
0.0
0.0
0.0
0.0
0.0
0.0
80.8
1024.8
2142.4
0.0
437.6
19.0
0.0
0.0
0.0
0.0
0.0
0.0
0.0
114.0
137.6
584.0
314.0
0.0
0.0
0.0
0.0
0.0
0.0
0.0
337.0
2383.6
1007.8
488.0
442.6
0.0
0.0
0.0
0.0
0.0
0.0
0.0
0.0
971.6
2170.2
910.0
601.4
2.0
0.0
0.0
0.0
0.0
0.0
0.0
1494.6
2342.0
950.0
534.0
686.2
14.0
0.0
0.0
0.0
0.0
0.0
0.0
315.6
1344.8
960.2
728.4
401.8
9.0
0.0
0.0
0.0
0.0
0.0
0.0
1221.2
765.2
268.8
0.0
286.0
10.0
0.0
0.0
0.0
0.0
0.0
0.0
890.4
1775.8
1488.8
1124.8
0.0
0.0
0.0
0.0
0.0
0.0
0.0
0.0
0.0
0.0
0.0
0.0
0.0
0.0
0.0
0.0
0.0
0.0
0.0
0.0
0.0
0.0
0.0
0.0
0.0
0.0
0.0
0.0
0.0
0.0
0.0
0.0
206.0
485.6
0.0
174.0
208.0
0.0
0.0
0.0
0.0
0.0
0.0
0.0
807.8
939.2
2248.0
776.2
223.2
50.0
0.0
0.0
0.0
0.0
0.0
0.0
1337.6
2613.0
0.0
0.0
0.0
54.4
0.0
0.0
0.0
0.0
0.0
0.0
136.0
582.0
1573.0
923.2
490.4
51.2
0.0
0.0
0.0
0.0
0.0
0.0
97.4
546.6
450.0
367.0
254.8
78.2
0.0
0.0
0.0
0.0
0.0
0.0
83.4
0.0
793.4
534.0
88.0
25.0
0.0
0.0
0.0
0.0
0.0
0.0
1201.0
2155.6
1297.6
0.0
469.2
48.0
0.0
0.0
0.0
0.0
0.0
0.0
965.8
2555.2
1995.0
939.2
289.6
81.0
0.0
0.0
0.0
0.0
0.0
0.0
1096.8
2541.4
2096.8
907.6
276.0
48.0
0.0
0.0
0.0
0.0
0.0
0.0
1393.0
2424.8
2150.4
930.0
311.0
76.0
0.0
0.0
0.0
0.0
0.0
0.0
515.6
2102.8
2250.0
949.4
282.0
86.4
0.0
0.0
0.0
0.0
0.0
0.0
216.6
0.0
571.0
431.0
336.0
87.0
0.0
0.0
0.0
0.0
0.0
0.0
69.0
279.8
879.0
494.8
417.2
32.0
0.0
0.0
0.0
0.0
0.0
0.0
1506.4
2729.6
2359.4
1016.8
641.2
86.0
0.0
0.0
0.0
0.0
0.0
0.0
194.6
696.4
2038.4
979.6
298.4
80.0
0.0
0.0
0.0
0.0
0.0
0.0
1827.4
2627.2
2359.8
1142.6
550.4
123.2
0.0
0.0
0.0
0.0
0.0
0.0
123.0
536.0
320.2
674.4
540.6
100.8
0.0
0.0
0.0
0.0
0.0
0.0
750.6
741.2
678.8
506.6
577.6
14.0
0.0
0.0
0.0
0.0
0.0
0.0
956.4
3064.4
2786.8
943.4
440.2
52.0
0.0
0.0
0.0
0.0
0.0
0.0
89.4
492.2
404.4
522.6
334.0
0.0
0.0
0.0
0.0
0.0
0.0
0.0
1902.8
3331.8
2684.2
959.6
623.2
142.0
0.0
0.0
0.0
0.0
0.0
0.0
213.2
3328.6
2634.8
1310.0
312.0
202.4
0.0
0.0
0.0
0.0
0.0
0.0
537.4
491.2
2517.6
0.0
464.0
100.0
0.0
0.0
0.0
0.0
0.0
0.0
167.0
807.2
1208.4
225.2
531.6
81.2
0.0
0.0
0.0
0.0
0.0
0.0
1093.4
954.4
895.6
872.6
329.6
100.0
0.0
0.0
0.0
0.0
0.0
0.0
357.2
2544.0
2040.4
1008.0
290.0
286.6
0.0
0.0
0.0
0.0
0.0
0.0
2764.2
870.2
1776.8
1738.8
499.2
153.0
0.0
0.0
0.0
0.0
0.0
0.0
604.0
2948.8
956.4
1497.2
431.6
139.6
0.0
0.0
0.0
0.0
0.0
0.0
1759.2
3191.2
2516.4
1432.2
467.2
134.0
0.0
0.0
0.0
0.0
0.0
0.0
225.6
488.0
2645.4
1338.0
268.0
138.0
0.0
0.0
0.0
0.0
0.0
0.0
1887.4
3109.6
2460.0
1383.6
339.0
164.0
0.0
0.0
0.0
0.0
0.0
102.6
2480.8
3018.0
2592.4
1334.6
278.6
148.0
0.0
0.0
0.0
0.0
0.0
0.0
0.0
0.0
0.0
0.0
0.0
201.6
0.0
0.0
0.0
0.0
0.0
187.4
2179.4
2868.0
2516.2
1432.4
512.8
215.0
0.0
0.0
0.0
0.0
0.0
0.0
388.0
1970.4
2071.5
1477.4
898.4
213.8
0.0
0.0
0.0
0.0
0.0
234.8
2689.6
1402.2
2591.8
1510.0
863.6
265.6
0.0
0.0
0.0
0.0
0.0
460.6
2844.6
3123.6
2612.6
1343.2
240.0
166.0
0.0
0.0
0.0
0.0
0.0
187.4
2620.2
3043.0
2520.0
1462.4
527.2
177.0
0.0
0.0
0.0
0.0
0.0
371.8
3046.0
3584.8
2518.4
1017.2
435.6
310.2
0.0
0.0
0.0
0.0
0.0
669.2
2968.8
3094.8
3362.6
1975.6
375.0
158.8
0.0
0.0
0.0
0.0
0.0
750.4
3039.6
3237.6
2785.0
1460.4
244.0
167.0
0.0
0.0
0.0
0.0
0.0
769.8
2975.2
3294.0
2735.0
1473.2
263.0
185.0
0.0
0.0
0.0
0.0
0.0
979.8
3050.0
3252.4
2625.2
1472.0
235.2
162.0
0.0
0.0
0.0
0.0
0.0
76.0
871.0
1951.2
704.4
2030.4
872.2
163.0
0.0
0.0
0.0
0.0
0.0
273.4
2956.2
3223.6
2741.2
1519.4
287.6
170.0
0.0
0.0
0.0
0.0
0.0
764.0
2925.2
3313.2
2772.4
1532.4
254.8
195.0
0.0
0.0
0.0
0.0
0.0
159.6
1141.2
1361.0
699.2
1551.0
162.8
130.4
0.0
0.0
0.0
0.0
0.0
78.0
564.8
2746.8
2272.4
1571.4
609.6
191.4
0.0
0.0
0.0
0.0
0.0
161.2
527.0
365.0
449.4
316.6
240.8
197.0
0.0
0.0
0.0
0.0
0.0
0.0
662.8
2471.6
2999.2
1884.0
456.0
265.0
0.0
0.0
0.0
0.0
0.0
947.0
3220.4
3025.2
0.0
0.0
0.0
0.0
0.0
0.0
0.0
0.0
0.0
0.0
3201.2
2079.2
440.0
1146.4
169.4
101.2
0.0
0.0
0.0
0.0
0.0
138.6
981.2
2021.2
2385.0
1101.6
828.8
286.6
0.0
0.0
0.0
0.0
0.0
1452.8
3137.6
3388.0
3035.6
1507.0
786.8
317.4
0.0
0.0
0.0
0.0
0.0
78.0
758.2
1311.8
818.2
321.6
501.6
0.0
0.0
0.0
0.0
0.0
0.0
1070.2
2033.6
2487.0
3138.6
1882.6
922.0
354.0
0.0
0.0
0.0
0.0
0.0
472.4
461.8
1020.4
1131.2
1375.6
478.0
258.0
0.0
0.0
0.0
0.0
0.0
535.6
899.6
1529.2
2819.2
2062.4
747.6
184.2
0.0
0.0
0.0
0.0
0.0
1636.0
545.4
3645.4
1551.6
1021.0
687.4
311.4
0.0
0.0
0.0
0.0
0.0
279.0
1718.2
3717.2
2269.2
1416.8
898.8
280.8
0.0
0.0
0.0
0.0
0.0
281.6
932.6
1347.4
1722.8
532.2
493.8
356.0
0.0
0.0
0.0
0.0
0.0
654.2
1936.8
3174.0
3368.8
1960.6
352.4
222.2
0.0
0.0
0.0
0.0
0.0
1061.2
2588.2
2814.8
2546.2
1703.6
499.2
240.8
0.0
0.0
0.0
0.0
0.0
629.0
2241.6
2345.2
2588.8
1789.6
346.8
174.2
0.0
0.0
0.0
0.0
0.0
1981.6
3284.8
3406.8
2997.2
1775.4
492.0
322.0
0.0
0.0
0.0
0.0
0.0
1662.8
644.4
3689.6
2979.6
1827.6
595.0
457.0
0.0
0.0
0.0
0.0
0.0
906.2
3496.8
3494.0
2999.2
1809.6
388.0
197.0
0.0
0.0
0.0
0.0
0.0
1233.2
3002.4
1888.2
1866.8
908.8
149.2
317.0
0.0
0.0
0.0
0.0
0.0
1924.0
3314.4
3727.0
1918.4
1314.0
824.6
501.2
0.0
0.0
0.0
0.0
0.0
326.8
1802.0
3425.2
3002.8
1814.2
437.8
242.4
0.0
0.0
0.0
0.0
0.0
146.8
835.0
3745.4
3396.4
2138.6
903.0
440.2
0.0
0.0
0.0
0.0
0.0
264.8
1378.6
1211.6
3233.6
1326.4
653.0
306.4
0.0
0.0
0.0
0.0
0.0
1590.4
3258.8
3069.6
3707.6
1315.6
1005.0
397.6
0.0
0.0
0.0
0.0
0.0
519.2
3040.8
3391.4
1518.4
1108.8
918.4
392.2
0.0
0.0
0.0
0.0
0.0
219.2
737.8
1855.6
1279.2
1399.8
656.4
263.8
0.0
0.0
0.0
0.0
0.0
188.8
797.6
1194.8
1447.8
1371.8
886.4
311.8
0.0
0.0
0.0
0.0
0.0
188.0
343.8
739.2
1578.5
844.8
466.4
386.0
0.0
0.0
0.0
0.0
0.0
0.0
493.6666667
324.8
1807.6
891.0
905.8
267.0
0.0
0.0
0.0
0.0
0.0
221.6
798.4
2479.8
645.2
740.6
899.6
347.8
0.0
0.0
0.0
0.0
0.0
352.8
2172.4
1682.6
2163.6
1468.6
217.6
592.2
0.0
0.0
0.0
0.0
0.0
448.8
2683.2
2315.0
582.0
2034.4
601.2
295.2
65.6
0.0
0.0
0.0
0.0
390.6
1472.6
2804.8
3246.4
2182.166667
1184.0
381.6
0.0
0.0
0.0
0.0
0.0
1234.8
2611.8
2325.6
2157.4
1672.4
862.0
520.8
0.0
0.0